ClarkeWright Sequential: 
 
Distance Matrix: 
0.0 59.8 74.7 104.3 77.2 29.7 65.4 95.3 44.4 114.6 114.7 86.0 129.4 84.7 62.6 97.0 60.2 57.5 92.5 92.4 110.1 110.7 60.1 58.1 101.4 107.0 96.0 75.5 122.0 67.7 50.6 76.8 69.4 63.0 49.1 60.4 91.6 
59.8 0.0 21.0 58.1 17.5 33.2 48.8 69.9 21.0 54.9 55.2 47.5 70.4 36.2 34.1 41.8 2.8 12.2 36.7 53.0 60.2 56.3 6.4 25.8 44.3 47.4 42.0 34.8 62.2 33.6 29.2 29.1 37.2 30.0 45.6 14.4 47.4 
74.7 21.0 0.0 37.2 19.2 45.3 40.6 53.8 30.4 46.9 42.5 29.2 55.6 15.5 26.0 22.5 23.1 17.2 17.8 66.5 39.3 36.7 16.5 21.8 26.9 35.5 47.4 50.8 52.5 52.0 50.1 42.8 55.5 49.3 44.9 34.0 59.4 
104.3 58.1 37.2 0.0 52.6 75.0 46.9 35.0 61.4 57.3 45.7 19.8 48.1 22.0 42.2 24.1 60.3 51.4 27.5 99.0 9.2 20.4 53.0 46.2 29.2 44.1 74.8 85.8 57.9 88.3 87.3 77.1 91.8 86.1 61.0 71.0 91.1 
77.2 17.5 19.2 52.6 0.0 50.6 58.2 72.9 37.4 37.4 38.6 48.1 54.4 33.0 43.0 31.1 17.0 25.1 26.3 47.6 52.0 45.0 19.4 36.5 31.3 30.8 28.8 33.2 44.8 36.3 39.8 24.6 39.6 35.0 59.1 22.1 40.3 
29.7 33.2 45.3 75.0 50.6 0.0 41.0 70.5 14.9 87.7 86.4 57.5 100.6 55.1 34.4 67.5 34.5 28.3 63.0 77.7 80.5 81.0 31.9 28.8 72.1 78.8 73.8 58.9 94.7 53.2 38.0 57.0 56.0 48.1 27.3 39.0 74.4 
65.4 48.8 40.6 46.9 58.2 41.0 0.0 30.0 34.7 86.0 78.9 27.2 88.2 36.9 15.2 53.4 51.6 36.6 51.5 101.8 55.2 61.7 42.7 23.0 60.2 73.2 87.0 83.6 90.4 81.4 71.4 77.7 84.9 77.1 16.5 62.5 95.9 
95.3 69.9 53.8 35.0 72.9 70.5 30.0 0.0 61.7 89.5 79.1 25.2 83.1 41.3 38.3 54.1 72.7 58.7 55.0 120.2 44.0 55.1 63.5 46.6 60.7 75.9 100.2 103.7 91.4 103.5 96.6 96.3 107.1 99.9 46.3 84.3 113.2 
44.4 21.0 30.4 61.4 37.4 14.9 34.7 61.7 0.0 73.8 71.8 45.1 85.8 40.7 23.5 52.6 23.0 13.6 48.2 71.3 66.3 66.3 18.0 16.0 57.3 64.4 63.0 52.4 80.5 48.5 36.9 48.5 51.9 43.8 26.4 31.0 66.8 
114.6 54.9 46.9 57.3 37.4 87.7 86.0 89.5 73.8 0.0 12.8 65.5 25.1 50.4 72.4 35.4 54.4 60.5 35.4 58.0 50.8 38.4 55.9 68.7 28.8 13.6 31.3 55.4 8.1 62.6 73.0 47.4 64.6 64.0 91.8 56.6 50.1 
114.7 55.2 42.5 45.7 38.6 86.4 78.9 79.1 71.8 12.8 0.0 56.1 16.2 42.2 66.5 26.0 55.3 58.2 27.5 68.4 38.6 26.1 54.7 64.1 19.0 7.8 41.2 63.0 12.4 69.4 77.4 54.3 71.8 69.9 86.6 60.0 60.2 
86.0 47.5 29.2 19.8 48.1 57.5 27.2 25.2 45.1 65.5 56.1 0.0 63.0 16.1 23.4 30.3 50.2 37.9 30.4 95.7 28.0 35.4 41.4 29.2 37.2 52.0 75.0 79.9 68.4 80.5 76.0 72.0 84.1 77.4 41.2 61.7 88.4 
129.4 70.4 55.6 48.1 54.4 100.6 88.2 83.1 85.8 25.1 16.2 63.0 0.0 51.6 77.4 35.3 70.8 72.2 38.6 83.0 39.3 28.0 69.3 76.3 29.2 23.7 56.0 78.9 19.0 85.4 93.5 70.3 87.8 86.0 97.9 76.1 75.0 
84.7 36.2 15.5 22.0 33.0 55.1 36.9 41.3 40.7 50.4 42.2 16.1 51.6 0.0 26.1 16.5 38.5 29.6 15.0 80.6 25.6 26.9 31.0 27.0 23.3 37.1 59.0 65.8 54.0 67.4 65.4 57.5 70.9 64.8 46.6 49.5 73.1 
62.6 34.1 26.0 42.2 43.0 34.4 15.2 38.3 23.5 72.4 66.5 23.4 77.4 26.1 0.0 42.0 36.9 21.9 39.2 86.8 49.0 52.8 27.8 8.6 48.5 60.2 71.8 68.9 77.5 67.2 58.7 62.7 70.8 63.1 20.6 48.1 80.8 
97.0 41.8 22.5 24.1 31.1 67.5 53.4 54.1 52.6 35.4 26.0 30.3 35.3 16.5 42.0 0.0 43.2 39.7 5.1 75.6 21.2 14.6 38.5 41.4 7.0 21.8 50.8 63.8 38.1 67.5 69.6 54.8 70.7 66.1 62.6 52.2 67.5 
60.2 2.8 23.1 60.3 17.0 34.5 51.6 72.7 23.0 54.4 55.3 50.2 70.8 38.5 36.9 43.2 0.0 15.0 38.1 50.2 62.1 57.7 9.2 28.6 45.3 47.5 40.0 32.0 61.8 30.8 27.0 26.4 34.4 27.3 48.1 11.7 44.8 
57.5 12.2 17.2 51.4 25.1 28.3 36.6 58.7 13.6 60.5 58.2 37.9 72.2 29.6 21.9 39.7 15.0 0.0 35.0 65.2 55.1 53.7 6.3 13.6 43.9 50.8 52.6 47.0 67.1 45.3 38.3 41.2 48.9 41.4 34.4 26.2 59.5 
92.5 36.7 17.8 27.5 26.3 63.0 51.5 55.0 48.2 35.4 27.5 30.4 38.6 15.0 39.2 5.1 38.1 35.0 0.0 71.6 25.7 19.6 33.5 37.7 9.4 22.0 47.5 59.2 39.1 62.6 64.5 50.3 65.9 61.1 59.6 47.1 63.6 
92.4 53.0 66.5 99.0 47.6 77.7 101.8 120.2 71.3 58.0 68.4 95.7 83.0 80.6 86.8 75.6 50.2 65.2 71.6 0.0 96.7 87.0 59.1 78.8 72.8 63.2 27.2 19.0 65.2 25.0 42.0 24.2 23.1 30.1 97.6 40.3 8.2 
110.1 60.2 39.3 9.2 52.0 80.5 55.2 44.0 66.3 50.8 38.6 28.0 39.3 25.6 49.0 21.2 62.1 55.1 25.7 96.7 0.0 12.5 55.7 52.0 24.4 38.2 71.3 84.9 50.5 88.3 89.0 76.0 91.6 86.6 68.6 72.1 88.6 
110.7 56.3 36.7 20.4 45.0 81.0 61.7 55.1 66.3 38.4 26.1 35.4 28.0 26.9 52.8 14.6 57.7 53.7 19.6 87.0 12.5 0.0 52.9 53.8 14.3 26.2 60.8 76.8 38.0 81.1 84.0 67.7 84.2 80.0 73.2 66.5 78.8 
60.1 6.4 16.5 53.0 19.4 31.9 42.7 63.5 18.0 55.9 54.7 41.4 69.3 31.0 27.8 38.5 9.2 6.3 33.5 59.1 55.7 52.9 0.0 19.7 41.9 47.0 46.4 41.1 62.8 40.0 34.7 35.0 43.6 36.4 40.6 20.8 53.2 
58.1 25.8 21.8 46.2 36.5 28.8 23.0 46.6 16.0 68.7 64.1 29.2 76.3 27.0 8.6 41.4 28.6 13.6 37.7 78.8 52.0 53.8 19.7 0.0 47.2 57.2 65.0 60.6 74.3 58.7 50.1 54.7 62.2 54.6 23.2 39.6 72.9 
101.4 44.3 26.9 29.2 31.3 72.1 60.2 60.7 57.3 28.8 19.0 37.2 29.2 23.3 48.5 7.0 45.3 43.9 9.4 72.8 24.4 14.3 41.9 47.2 0.0 15.2 47.0 62.5 31.1 67.0 70.8 53.5 70.1 66.1 68.9 53.2 64.6 
107.0 47.4 35.5 44.1 30.8 78.8 73.2 75.9 64.4 13.6 7.8 52.0 23.7 37.1 60.2 21.8 47.5 50.8 22.0 63.2 38.2 26.2 47.0 57.2 15.2 0.0 36.1 56.3 17.3 62.4 69.8 47.5 64.9 62.6 80.1 52.4 54.9 
96.0 42.0 47.4 74.8 28.8 73.8 87.0 100.2 63.0 31.3 41.2 75.0 56.0 59.0 71.8 50.8 40.0 52.6 47.5 27.2 71.3 60.8 46.4 65.0 47.0 36.1 0.0 25.8 38.8 34.1 48.0 20.0 35.2 36.8 87.0 35.7 19.0 
75.5 34.8 50.8 85.8 33.2 58.9 83.6 103.7 52.4 55.4 63.0 79.9 78.9 65.8 68.9 63.8 32.0 47.0 59.2 19.0 84.9 76.8 41.1 60.6 62.5 56.3 25.8 0.0 63.3 8.6 25.0 9.1 9.4 12.6 78.7 21.5 16.1 
122.0 62.2 52.5 57.9 44.8 94.7 90.4 91.4 80.5 8.1 12.4 68.4 19.0 54.0 77.5 38.1 61.8 67.1 39.1 65.2 50.5 38.0 62.8 74.3 31.1 17.3 38.8 63.3 0.0 70.7 81.0 55.5 72.6 72.1 97.3 64.5 57.4 
67.7 33.6 52.0 88.3 36.3 53.2 81.4 103.5 48.5 62.6 69.4 80.5 85.4 67.4 67.2 67.5 30.8 45.3 62.6 25.0 88.3 81.1 40.0 58.7 67.0 62.4 34.1 8.6 70.7 0.0 17.1 15.2 3.6 5.1 74.9 19.2 24.0 
50.6 29.2 50.1 87.3 39.8 38.0 71.4 96.6 36.9 73.0 77.4 76.0 93.5 65.4 58.7 69.6 27.0 38.3 64.5 42.0 89.0 84.0 34.7 50.1 70.8 69.8 48.0 25.0 81.0 17.1 0.0 28.0 19.0 12.4 62.4 17.7 41.0 
76.8 29.1 42.8 77.1 24.6 57.0 77.7 96.3 48.5 47.4 54.3 72.0 70.3 57.5 62.7 54.8 26.4 41.2 50.3 24.2 76.0 67.7 35.0 54.7 53.5 47.5 20.0 9.1 55.5 15.2 28.0 0.0 17.5 17.0 74.3 18.0 18.4 
69.4 37.2 55.5 91.8 39.6 56.0 84.9 107.1 51.9 64.6 71.8 84.1 87.8 70.9 70.8 70.7 34.4 48.9 65.9 23.1 91.6 84.2 43.6 62.2 70.1 64.9 35.2 9.4 72.6 3.6 19.0 17.5 0.0 8.1 78.2 22.8 23.3 
63.0 30.0 49.3 86.1 35.0 48.1 77.1 99.9 43.8 64.0 69.9 77.4 86.0 64.8 63.1 66.1 27.3 41.4 61.1 30.1 86.6 80.0 36.4 54.6 66.1 62.6 36.8 12.6 72.1 5.1 12.4 17.0 8.1 0.0 70.2 15.7 28.6 
49.1 45.6 44.9 61.0 59.1 27.3 16.5 46.3 26.4 91.8 86.6 41.2 97.9 46.6 20.6 62.6 48.1 34.4 59.6 97.6 68.6 73.2 40.6 23.2 68.9 80.1 87.0 78.7 97.3 74.9 62.4 74.3 78.2 70.2 0.0 57.3 92.7 
60.4 14.4 34.0 71.0 22.1 39.0 62.5 84.3 31.0 56.6 60.0 61.7 76.1 49.5 48.1 52.2 11.7 26.2 47.1 40.3 72.1 66.5 20.8 39.6 53.2 52.4 35.7 21.5 64.5 19.2 17.7 18.0 22.8 15.7 57.3 0.0 35.9 
91.6 47.4 59.4 91.1 40.3 74.4 95.9 113.2 66.8 50.1 60.2 88.4 75.0 73.1 80.8 67.5 44.8 59.5 63.6 8.2 88.6 78.8 53.2 72.9 64.6 54.9 19.0 16.1 57.4 24.0 41.0 18.4 23.3 28.6 92.7 35.9 0.0 

Routes: 
Route: 0 1 28 4 9 25 10 12 16 24 18 15 17 21 6 27 29 0 | Demand: 99.0| Cost: 6737.0
Route: 0 2 20 13 3 11 26 35 0 | Demand: 99.0| Cost: 1836.0
Route: 0 5 8 23 30 14 22 34 19 0 | Demand: 98.0| Cost: 1632.4
Route: 0 7 31 36 37 32 0 | Demand: 92.0| Cost: 1400.8
Route: 0 33 0 | Demand: 19.0| Cost: 126.0

Total cost: 11732.2
Execution time: 0.037

-----------------------------------------

ClarkeWright Parallel: 
 
Distance Matrix: 
0.0 59.8 74.7 104.3 77.2 29.7 65.4 95.3 44.4 114.6 114.7 86.0 129.4 84.7 62.6 97.0 60.2 57.5 92.5 92.4 110.1 110.7 60.1 58.1 101.4 107.0 96.0 75.5 122.0 67.7 50.6 76.8 69.4 63.0 49.1 60.4 91.6 
59.8 0.0 21.0 58.1 17.5 33.2 48.8 69.9 21.0 54.9 55.2 47.5 70.4 36.2 34.1 41.8 2.8 12.2 36.7 53.0 60.2 56.3 6.4 25.8 44.3 47.4 42.0 34.8 62.2 33.6 29.2 29.1 37.2 30.0 45.6 14.4 47.4 
74.7 21.0 0.0 37.2 19.2 45.3 40.6 53.8 30.4 46.9 42.5 29.2 55.6 15.5 26.0 22.5 23.1 17.2 17.8 66.5 39.3 36.7 16.5 21.8 26.9 35.5 47.4 50.8 52.5 52.0 50.1 42.8 55.5 49.3 44.9 34.0 59.4 
104.3 58.1 37.2 0.0 52.6 75.0 46.9 35.0 61.4 57.3 45.7 19.8 48.1 22.0 42.2 24.1 60.3 51.4 27.5 99.0 9.2 20.4 53.0 46.2 29.2 44.1 74.8 85.8 57.9 88.3 87.3 77.1 91.8 86.1 61.0 71.0 91.1 
77.2 17.5 19.2 52.6 0.0 50.6 58.2 72.9 37.4 37.4 38.6 48.1 54.4 33.0 43.0 31.1 17.0 25.1 26.3 47.6 52.0 45.0 19.4 36.5 31.3 30.8 28.8 33.2 44.8 36.3 39.8 24.6 39.6 35.0 59.1 22.1 40.3 
29.7 33.2 45.3 75.0 50.6 0.0 41.0 70.5 14.9 87.7 86.4 57.5 100.6 55.1 34.4 67.5 34.5 28.3 63.0 77.7 80.5 81.0 31.9 28.8 72.1 78.8 73.8 58.9 94.7 53.2 38.0 57.0 56.0 48.1 27.3 39.0 74.4 
65.4 48.8 40.6 46.9 58.2 41.0 0.0 30.0 34.7 86.0 78.9 27.2 88.2 36.9 15.2 53.4 51.6 36.6 51.5 101.8 55.2 61.7 42.7 23.0 60.2 73.2 87.0 83.6 90.4 81.4 71.4 77.7 84.9 77.1 16.5 62.5 95.9 
95.3 69.9 53.8 35.0 72.9 70.5 30.0 0.0 61.7 89.5 79.1 25.2 83.1 41.3 38.3 54.1 72.7 58.7 55.0 120.2 44.0 55.1 63.5 46.6 60.7 75.9 100.2 103.7 91.4 103.5 96.6 96.3 107.1 99.9 46.3 84.3 113.2 
44.4 21.0 30.4 61.4 37.4 14.9 34.7 61.7 0.0 73.8 71.8 45.1 85.8 40.7 23.5 52.6 23.0 13.6 48.2 71.3 66.3 66.3 18.0 16.0 57.3 64.4 63.0 52.4 80.5 48.5 36.9 48.5 51.9 43.8 26.4 31.0 66.8 
114.6 54.9 46.9 57.3 37.4 87.7 86.0 89.5 73.8 0.0 12.8 65.5 25.1 50.4 72.4 35.4 54.4 60.5 35.4 58.0 50.8 38.4 55.9 68.7 28.8 13.6 31.3 55.4 8.1 62.6 73.0 47.4 64.6 64.0 91.8 56.6 50.1 
114.7 55.2 42.5 45.7 38.6 86.4 78.9 79.1 71.8 12.8 0.0 56.1 16.2 42.2 66.5 26.0 55.3 58.2 27.5 68.4 38.6 26.1 54.7 64.1 19.0 7.8 41.2 63.0 12.4 69.4 77.4 54.3 71.8 69.9 86.6 60.0 60.2 
86.0 47.5 29.2 19.8 48.1 57.5 27.2 25.2 45.1 65.5 56.1 0.0 63.0 16.1 23.4 30.3 50.2 37.9 30.4 95.7 28.0 35.4 41.4 29.2 37.2 52.0 75.0 79.9 68.4 80.5 76.0 72.0 84.1 77.4 41.2 61.7 88.4 
129.4 70.4 55.6 48.1 54.4 100.6 88.2 83.1 85.8 25.1 16.2 63.0 0.0 51.6 77.4 35.3 70.8 72.2 38.6 83.0 39.3 28.0 69.3 76.3 29.2 23.7 56.0 78.9 19.0 85.4 93.5 70.3 87.8 86.0 97.9 76.1 75.0 
84.7 36.2 15.5 22.0 33.0 55.1 36.9 41.3 40.7 50.4 42.2 16.1 51.6 0.0 26.1 16.5 38.5 29.6 15.0 80.6 25.6 26.9 31.0 27.0 23.3 37.1 59.0 65.8 54.0 67.4 65.4 57.5 70.9 64.8 46.6 49.5 73.1 
62.6 34.1 26.0 42.2 43.0 34.4 15.2 38.3 23.5 72.4 66.5 23.4 77.4 26.1 0.0 42.0 36.9 21.9 39.2 86.8 49.0 52.8 27.8 8.6 48.5 60.2 71.8 68.9 77.5 67.2 58.7 62.7 70.8 63.1 20.6 48.1 80.8 
97.0 41.8 22.5 24.1 31.1 67.5 53.4 54.1 52.6 35.4 26.0 30.3 35.3 16.5 42.0 0.0 43.2 39.7 5.1 75.6 21.2 14.6 38.5 41.4 7.0 21.8 50.8 63.8 38.1 67.5 69.6 54.8 70.7 66.1 62.6 52.2 67.5 
60.2 2.8 23.1 60.3 17.0 34.5 51.6 72.7 23.0 54.4 55.3 50.2 70.8 38.5 36.9 43.2 0.0 15.0 38.1 50.2 62.1 57.7 9.2 28.6 45.3 47.5 40.0 32.0 61.8 30.8 27.0 26.4 34.4 27.3 48.1 11.7 44.8 
57.5 12.2 17.2 51.4 25.1 28.3 36.6 58.7 13.6 60.5 58.2 37.9 72.2 29.6 21.9 39.7 15.0 0.0 35.0 65.2 55.1 53.7 6.3 13.6 43.9 50.8 52.6 47.0 67.1 45.3 38.3 41.2 48.9 41.4 34.4 26.2 59.5 
92.5 36.7 17.8 27.5 26.3 63.0 51.5 55.0 48.2 35.4 27.5 30.4 38.6 15.0 39.2 5.1 38.1 35.0 0.0 71.6 25.7 19.6 33.5 37.7 9.4 22.0 47.5 59.2 39.1 62.6 64.5 50.3 65.9 61.1 59.6 47.1 63.6 
92.4 53.0 66.5 99.0 47.6 77.7 101.8 120.2 71.3 58.0 68.4 95.7 83.0 80.6 86.8 75.6 50.2 65.2 71.6 0.0 96.7 87.0 59.1 78.8 72.8 63.2 27.2 19.0 65.2 25.0 42.0 24.2 23.1 30.1 97.6 40.3 8.2 
110.1 60.2 39.3 9.2 52.0 80.5 55.2 44.0 66.3 50.8 38.6 28.0 39.3 25.6 49.0 21.2 62.1 55.1 25.7 96.7 0.0 12.5 55.7 52.0 24.4 38.2 71.3 84.9 50.5 88.3 89.0 76.0 91.6 86.6 68.6 72.1 88.6 
110.7 56.3 36.7 20.4 45.0 81.0 61.7 55.1 66.3 38.4 26.1 35.4 28.0 26.9 52.8 14.6 57.7 53.7 19.6 87.0 12.5 0.0 52.9 53.8 14.3 26.2 60.8 76.8 38.0 81.1 84.0 67.7 84.2 80.0 73.2 66.5 78.8 
60.1 6.4 16.5 53.0 19.4 31.9 42.7 63.5 18.0 55.9 54.7 41.4 69.3 31.0 27.8 38.5 9.2 6.3 33.5 59.1 55.7 52.9 0.0 19.7 41.9 47.0 46.4 41.1 62.8 40.0 34.7 35.0 43.6 36.4 40.6 20.8 53.2 
58.1 25.8 21.8 46.2 36.5 28.8 23.0 46.6 16.0 68.7 64.1 29.2 76.3 27.0 8.6 41.4 28.6 13.6 37.7 78.8 52.0 53.8 19.7 0.0 47.2 57.2 65.0 60.6 74.3 58.7 50.1 54.7 62.2 54.6 23.2 39.6 72.9 
101.4 44.3 26.9 29.2 31.3 72.1 60.2 60.7 57.3 28.8 19.0 37.2 29.2 23.3 48.5 7.0 45.3 43.9 9.4 72.8 24.4 14.3 41.9 47.2 0.0 15.2 47.0 62.5 31.1 67.0 70.8 53.5 70.1 66.1 68.9 53.2 64.6 
107.0 47.4 35.5 44.1 30.8 78.8 73.2 75.9 64.4 13.6 7.8 52.0 23.7 37.1 60.2 21.8 47.5 50.8 22.0 63.2 38.2 26.2 47.0 57.2 15.2 0.0 36.1 56.3 17.3 62.4 69.8 47.5 64.9 62.6 80.1 52.4 54.9 
96.0 42.0 47.4 74.8 28.8 73.8 87.0 100.2 63.0 31.3 41.2 75.0 56.0 59.0 71.8 50.8 40.0 52.6 47.5 27.2 71.3 60.8 46.4 65.0 47.0 36.1 0.0 25.8 38.8 34.1 48.0 20.0 35.2 36.8 87.0 35.7 19.0 
75.5 34.8 50.8 85.8 33.2 58.9 83.6 103.7 52.4 55.4 63.0 79.9 78.9 65.8 68.9 63.8 32.0 47.0 59.2 19.0 84.9 76.8 41.1 60.6 62.5 56.3 25.8 0.0 63.3 8.6 25.0 9.1 9.4 12.6 78.7 21.5 16.1 
122.0 62.2 52.5 57.9 44.8 94.7 90.4 91.4 80.5 8.1 12.4 68.4 19.0 54.0 77.5 38.1 61.8 67.1 39.1 65.2 50.5 38.0 62.8 74.3 31.1 17.3 38.8 63.3 0.0 70.7 81.0 55.5 72.6 72.1 97.3 64.5 57.4 
67.7 33.6 52.0 88.3 36.3 53.2 81.4 103.5 48.5 62.6 69.4 80.5 85.4 67.4 67.2 67.5 30.8 45.3 62.6 25.0 88.3 81.1 40.0 58.7 67.0 62.4 34.1 8.6 70.7 0.0 17.1 15.2 3.6 5.1 74.9 19.2 24.0 
50.6 29.2 50.1 87.3 39.8 38.0 71.4 96.6 36.9 73.0 77.4 76.0 93.5 65.4 58.7 69.6 27.0 38.3 64.5 42.0 89.0 84.0 34.7 50.1 70.8 69.8 48.0 25.0 81.0 17.1 0.0 28.0 19.0 12.4 62.4 17.7 41.0 
76.8 29.1 42.8 77.1 24.6 57.0 77.7 96.3 48.5 47.4 54.3 72.0 70.3 57.5 62.7 54.8 26.4 41.2 50.3 24.2 76.0 67.7 35.0 54.7 53.5 47.5 20.0 9.1 55.5 15.2 28.0 0.0 17.5 17.0 74.3 18.0 18.4 
69.4 37.2 55.5 91.8 39.6 56.0 84.9 107.1 51.9 64.6 71.8 84.1 87.8 70.9 70.8 70.7 34.4 48.9 65.9 23.1 91.6 84.2 43.6 62.2 70.1 64.9 35.2 9.4 72.6 3.6 19.0 17.5 0.0 8.1 78.2 22.8 23.3 
63.0 30.0 49.3 86.1 35.0 48.1 77.1 99.9 43.8 64.0 69.9 77.4 86.0 64.8 63.1 66.1 27.3 41.4 61.1 30.1 86.6 80.0 36.4 54.6 66.1 62.6 36.8 12.6 72.1 5.1 12.4 17.0 8.1 0.0 70.2 15.7 28.6 
49.1 45.6 44.9 61.0 59.1 27.3 16.5 46.3 26.4 91.8 86.6 41.2 97.9 46.6 20.6 62.6 48.1 34.4 59.6 97.6 68.6 73.2 40.6 23.2 68.9 80.1 87.0 78.7 97.3 74.9 62.4 74.3 78.2 70.2 0.0 57.3 92.7 
60.4 14.4 34.0 71.0 22.1 39.0 62.5 84.3 31.0 56.6 60.0 61.7 76.1 49.5 48.1 52.2 11.7 26.2 47.1 40.3 72.1 66.5 20.8 39.6 53.2 52.4 35.7 21.5 64.5 19.2 17.7 18.0 22.8 15.7 57.3 0.0 35.9 
91.6 47.4 59.4 91.1 40.3 74.4 95.9 113.2 66.8 50.1 60.2 88.4 75.0 73.1 80.8 67.5 44.8 59.5 63.6 8.2 88.6 78.8 53.2 72.9 64.6 54.9 19.0 16.1 57.4 24.0 41.0 18.4 23.3 28.6 92.7 35.9 0.0 

Routes: 
Route: 0 1 4 15 3 20 10 9 12 28 25 21 24 0 | Demand: 100.0| Cost: 516.0
Route: 0 5 0 | Demand: 13.0| Cost: 59.4
Route: 0 6 2 7 11 13 18 14 0 | Demand: 100.0| Cost: 757.3
Route: 0 8 17 22 23 34 30 37 0 | Demand: 98.0| Cost: 628.3
Route: 0 16 33 29 27 26 19 36 31 32 35 0 | Demand: 96.0| Cost: 401.9

Total cost: 2362.9
Execution time: 0.002

