ClarkeWright Sequential: 
 
Distance Matrix: 
0.0 57.3 34.9 119.3 109.2 96.0 75.1 68.0 25.3 74.4 99.0 78.2 21.5 38.1 46.0 103.1 87.9 114.6 62.1 50.2 56.9 95.7 59.9 94.1 24.4 66.0 62.0 76.0 91.8 32.6 53.3 99.6 78.0 86.8 36.1 78.4 106.5 108.8 101.2 117.6 46.7 94.6 109.1 110.5 76.2 78.1 84.9 64.0 70.7 11.7 75.2 111.9 55.8 68.3 73.5 20.4 57.7 78.1 16.1 98.5 80.0 100.7 105.7 41.6 21.5 
57.3 0.0 45.1 72.1 52.2 39.7 26.3 28.8 32.2 66.6 47.1 70.9 35.8 51.9 54.6 46.7 32.1 64.4 11.3 38.8 52.8 62.8 39.7 40.2 38.2 65.3 45.3 33.9 34.9 30.0 29.7 46.0 35.4 53.0 41.2 30.5 50.9 52.5 47.2 73.8 17.1 74.3 61.4 70.3 19.0 62.1 38.5 25.1 22.8 45.7 18.4 59.4 10.2 63.7 50.1 37.7 31.2 62.1 45.1 67.1 63.8 48.4 68.0 18.0 35.8 
34.9 45.1 0.0 89.4 89.8 75.7 50.6 69.0 30.5 40.0 92.2 44.0 28.6 7.2 13.4 90.0 76.4 86.5 55.0 17.0 22.1 62.1 26.9 85.2 15.2 32.6 27.8 76.0 78.0 17.2 24.2 75.4 77.8 54.0 4.0 74.7 84.1 87.4 77.3 86.3 46.0 59.7 80.0 78.1 62.1 43.2 57.3 64.5 66.5 28.1 58.0 85.9 50.2 34.1 39.4 32.3 27.8 43.2 20.0 64.5 45.1 75.2 72.8 27.9 28.6 
119.3 72.1 89.4 0.0 44.7 42.4 46.5 92.3 98.8 70.3 81.0 71.4 101.0 91.6 87.1 63.9 66.5 10.8 77.7 72.5 75.2 34.5 62.8 73.8 95.0 78.4 63.8 92.0 60.8 86.8 66.5 30.1 92.0 37.6 86.4 84.0 34.2 37.6 30.3 8.9 89.2 54.0 10.8 18.1 62.3 60.2 35.0 90.8 82.2 108.4 56.9 19.7 81.0 74.0 53.7 104.3 62.2 60.2 103.5 36.1 59.7 26.0 24.0 79.9 101.0 
109.2 52.2 89.8 44.7 0.0 14.1 40.0 59.1 84.4 90.7 38.1 93.7 87.8 95.0 94.2 20.1 28.6 34.0 50.9 76.2 86.1 63.8 70.0 32.2 88.0 95.0 74.2 55.7 22.4 79.1 66.5 20.6 55.0 59.1 85.9 47.5 11.3 7.2 18.9 52.2 66.6 84.1 38.4 56.6 34.1 81.6 39.3 59.4 49.4 97.5 34.0 25.1 56.6 91.4 69.9 89.9 64.1 81.6 95.9 67.7 82.2 24.4 59.5 68.0 87.8 
96.0 39.7 75.7 42.4 14.1 0.0 26.0 51.9 71.6 77.8 39.4 81.0 74.9 80.9 80.1 24.1 24.1 32.1 40.5 62.1 72.2 53.8 56.1 31.6 74.3 81.6 60.5 50.4 18.4 65.4 52.3 12.6 50.2 47.7 71.8 42.2 11.7 12.8 12.2 48.1 55.3 73.2 33.5 50.1 23.3 69.1 26.8 51.3 41.8 84.4 21.3 24.1 45.6 78.1 56.9 77.2 50.0 69.1 82.3 58.0 69.9 17.1 51.6 54.6 74.9 
75.1 26.3 50.6 46.5 40.0 26.0 0.0 51.4 52.8 53.7 55.3 57.3 55.3 55.3 54.1 45.7 36.9 40.0 34.2 36.2 46.4 38.6 30.3 46.9 51.6 56.3 34.9 53.9 35.0 42.8 26.7 25.1 54.6 29.5 46.8 47.4 33.5 36.9 26.8 47.5 43.2 54.0 35.8 44.0 24.4 46.0 12.2 48.7 42.4 63.7 17.2 36.9 36.1 53.1 33.3 58.4 24.1 46.0 60.0 43.1 47.2 25.6 42.2 34.1 55.3 
68.0 28.8 69.0 92.3 59.1 51.9 51.4 0.0 44.7 95.3 33.1 99.6 48.7 76.2 80.4 43.9 30.5 82.9 17.9 66.5 80.6 89.8 68.4 31.2 57.6 93.3 74.0 8.0 36.7 51.9 58.1 62.8 10.0 80.3 65.5 12.8 63.2 62.8 63.2 96.0 23.4 102.9 82.1 94.5 30.1 91.0 62.8 4.5 10.2 58.3 36.1 75.7 19.8 92.0 78.9 48.2 60.0 91.0 61.6 94.3 92.6 66.5 93.4 41.6 48.7 
25.3 32.2 30.5 98.8 84.4 71.6 52.8 44.7 0.0 67.9 74.2 72.3 4.0 37.2 43.9 77.8 62.6 92.8 36.9 38.2 50.0 80.0 46.0 69.1 15.6 62.0 50.0 52.6 66.5 16.1 36.5 76.4 54.6 70.3 28.6 54.0 82.5 84.4 77.8 98.4 22.0 84.0 88.2 92.5 51.0 68.3 63.8 40.4 46.0 14.1 50.5 89.2 30.6 62.6 60.1 5.7 40.8 68.3 17.1 83.5 70.3 77.9 88.5 18.9 4.0 
74.4 66.6 40.0 70.3 90.7 77.8 53.7 95.3 67.9 0.0 108.2 4.5 67.1 36.5 28.6 99.3 89.9 72.4 77.9 30.5 18.1 36.1 26.9 99.9 54.3 10.0 21.3 100.5 88.6 51.9 37.2 71.0 101.9 34.1 40.2 96.2 81.2 85.5 73.0 63.9 76.2 22.8 64.5 53.9 76.0 10.2 51.4 91.2 89.1 68.0 69.3 76.0 75.6 6.3 20.9 71.0 35.4 10.2 60.0 35.8 10.8 68.5 47.5 56.4 67.1 
99.0 47.1 92.2 81.0 38.1 39.4 55.3 33.1 74.2 108.2 0.0 112.1 78.2 99.0 101.2 18.0 18.4 70.3 38.1 84.3 97.5 91.2 82.4 8.5 84.2 109.2 87.8 26.1 21.6 76.7 74.3 52.0 24.4 83.5 88.3 20.9 47.1 44.4 51.3 87.3 52.3 108.9 72.8 89.4 32.2 101.2 62.5 36.1 28.3 88.4 38.8 61.6 44.0 106.7 88.4 78.6 74.2 101.2 90.0 95.6 102.4 56.5 90.6 64.8 78.2 
78.2 70.9 44.0 71.4 93.7 81.0 57.3 99.6 72.3 4.5 112.1 0.0 71.4 40.2 32.2 102.9 93.7 74.1 82.2 34.9 22.4 36.9 31.2 103.7 58.5 12.6 25.6 104.8 92.3 56.3 41.6 73.8 106.2 36.1 44.4 100.4 84.0 88.3 75.7 64.6 80.6 21.3 66.1 54.4 80.0 12.2 54.4 95.6 93.4 72.1 73.2 78.1 80.0 10.0 24.2 75.3 39.7 12.2 64.0 36.1 12.0 71.0 48.1 60.8 71.4 
21.5 35.8 28.6 101.0 87.8 74.9 55.3 48.7 4.0 67.1 78.2 71.4 0.0 35.0 42.0 81.6 66.5 95.3 40.8 38.0 49.0 81.0 46.4 73.0 13.4 60.7 50.0 56.6 70.2 16.1 37.4 79.2 58.5 71.5 27.2 58.0 85.6 87.7 80.7 100.2 26.0 84.0 90.4 94.0 54.6 68.0 66.0 44.4 50.0 10.2 53.9 91.9 34.5 61.6 60.5 4.0 41.8 68.0 13.4 84.4 70.0 80.6 89.9 21.3 0.0 
38.1 51.9 7.2 91.6 95.0 80.9 55.3 76.2 37.2 36.5 99.0 40.2 35.0 0.0 8.0 96.2 82.9 89.6 62.0 19.7 19.7 62.5 28.8 91.8 21.6 28.0 28.3 83.2 84.2 24.4 28.6 79.7 85.0 55.2 10.8 81.7 88.8 92.2 81.6 87.9 53.3 57.6 82.7 79.2 68.5 41.2 60.9 71.7 73.5 33.0 64.0 89.6 57.3 30.3 39.7 38.5 31.6 41.2 24.7 64.4 43.1 79.1 73.6 34.9 35.0 
46.0 54.6 13.4 87.1 94.2 80.1 54.1 80.4 43.9 28.6 101.2 32.2 42.0 8.0 0.0 97.0 84.4 85.9 65.3 18.0 12.8 56.6 25.3 93.7 28.6 20.0 23.3 87.1 85.2 29.7 28.1 77.7 88.8 50.0 15.6 85.0 87.1 90.8 79.6 82.8 58.1 50.2 78.7 73.8 69.9 34.0 58.2 76.0 76.9 40.8 64.8 86.6 61.1 22.4 34.1 45.7 30.1 34.0 32.6 58.1 35.8 76.7 67.9 38.8 42.0 
103.1 46.7 90.0 63.9 20.1 24.1 45.7 43.9 77.8 99.3 18.0 102.9 81.6 96.2 97.0 0.0 15.2 53.1 41.2 79.2 91.2 77.8 75.3 13.4 84.9 101.8 80.3 38.8 12.0 76.4 69.1 36.1 37.7 71.2 86.0 31.2 29.7 26.7 35.0 70.7 57.3 96.8 56.4 73.8 28.1 91.3 50.0 45.3 35.6 91.8 32.2 44.3 47.5 98.8 78.7 82.9 67.9 91.3 91.8 82.0 92.3 40.5 75.6 64.5 81.6 
87.9 32.1 76.4 66.5 28.6 24.1 36.9 30.5 62.6 89.9 18.4 93.7 66.5 82.9 84.4 15.2 0.0 56.1 26.0 67.1 79.8 73.2 64.4 10.0 70.3 91.2 69.8 27.2 6.3 62.0 56.9 36.5 26.7 65.3 72.4 19.0 34.2 33.0 36.2 71.8 42.0 90.6 57.3 72.8 14.6 82.8 44.4 31.2 21.3 76.7 20.6 48.0 32.3 88.6 70.0 67.7 56.5 82.8 76.9 77.7 84.0 40.8 73.3 50.0 66.5 
114.6 64.4 86.5 10.8 34.0 32.1 40.0 82.9 92.8 72.4 70.3 74.1 95.3 89.6 85.9 53.1 56.1 0.0 69.0 70.0 74.7 38.2 60.8 63.2 90.6 79.6 62.8 82.1 50.4 82.0 62.8 20.1 82.0 38.5 83.2 74.0 23.4 26.8 20.0 18.4 81.4 58.9 8.0 25.1 53.0 62.3 29.7 81.6 72.7 103.3 48.1 8.9 72.8 75.3 53.9 98.4 58.8 62.3 99.0 40.8 62.1 16.5 29.7 74.0 95.3 
62.1 11.3 55.0 77.7 50.9 40.5 34.2 17.9 36.9 77.9 38.1 82.2 40.8 62.0 65.3 41.2 26.0 69.0 0.0 50.0 64.0 72.3 51.0 32.2 46.2 76.6 56.6 22.6 30.5 38.8 41.0 49.4 24.1 62.6 51.3 19.7 52.2 52.8 50.2 80.4 16.1 85.0 67.1 78.0 17.2 73.2 46.0 14.6 11.7 51.0 20.9 62.8 6.3 75.0 61.1 41.8 42.5 73.2 52.0 76.7 74.9 52.5 76.4 27.2 40.8 
50.2 38.8 17.0 72.5 76.2 62.1 36.2 66.5 38.2 30.5 84.3 34.9 38.0 19.7 18.0 79.2 67.1 70.0 50.0 0.0 14.1 45.7 10.0 76.6 26.7 26.9 12.2 72.5 67.5 22.1 10.2 60.2 74.0 37.2 14.4 69.3 69.4 73.0 62.1 69.3 46.0 46.0 63.2 61.2 52.5 30.1 41.2 62.2 61.6 41.2 47.1 69.9 46.7 26.1 23.4 42.0 12.2 30.1 34.2 48.3 32.1 59.5 56.0 26.1 38.0 
56.9 52.8 22.1 75.2 86.1 72.2 46.4 80.6 50.0 18.1 97.5 22.4 49.0 19.7 12.8 91.2 79.8 74.7 64.0 14.1 0.0 43.9 16.1 89.6 36.2 12.8 12.2 86.6 79.7 34.2 23.3 68.3 88.1 37.7 22.1 83.2 78.1 82.0 70.3 70.5 60.0 37.9 67.2 61.2 65.4 21.5 48.4 76.4 75.6 50.0 59.5 76.2 60.8 12.6 21.6 53.0 23.4 21.5 42.0 45.3 23.4 66.8 55.3 40.0 49.0 
95.7 62.8 62.1 34.5 63.8 53.8 38.6 89.8 80.0 36.1 91.2 36.9 81.0 62.5 56.6 77.8 73.2 38.2 72.3 45.7 43.9 0.0 35.8 82.8 71.7 44.7 34.4 92.5 69.7 65.1 43.7 43.3 93.2 10.0 60.0 85.9 52.8 57.3 44.9 27.9 78.1 20.9 30.3 17.9 62.6 26.0 28.8 86.8 81.0 86.2 55.5 43.7 73.0 40.2 22.8 84.9 39.3 26.0 79.6 4.5 25.3 39.4 11.7 62.5 81.0 
59.9 39.7 26.9 62.8 70.0 56.1 30.3 68.4 46.0 26.9 82.4 31.2 46.4 28.8 25.3 75.3 64.4 60.8 51.0 10.0 16.1 35.8 0.0 74.2 36.1 26.8 5.7 73.6 63.9 30.3 10.8 52.6 75.0 27.2 24.4 69.4 62.3 66.1 54.6 59.4 50.2 38.2 53.9 51.2 50.1 23.4 33.0 64.4 62.2 50.6 43.9 61.4 48.8 24.4 14.1 50.4 8.5 23.4 43.9 38.6 25.3 51.4 46.0 31.0 46.4 
94.1 40.2 85.2 73.8 32.2 31.6 46.9 31.2 69.1 99.9 8.5 103.7 73.0 91.8 93.7 13.4 10.0 63.2 32.2 76.6 89.6 82.8 74.2 0.0 78.0 101.1 79.6 25.6 13.4 70.1 66.5 44.3 24.4 75.1 81.2 18.4 40.2 38.0 43.7 79.7 47.5 100.4 65.1 81.4 24.2 92.8 54.0 33.3 24.2 83.2 30.5 54.6 38.5 98.5 80.0 73.8 66.2 92.8 84.2 87.2 94.0 48.7 82.4 58.1 73.0 
24.4 38.2 15.2 95.0 88.0 74.3 51.6 57.6 15.6 54.3 84.2 58.5 13.4 21.6 28.6 84.9 70.3 90.6 46.2 26.7 36.2 71.7 36.1 78.0 0.0 47.5 38.8 65.1 73.0 8.9 28.8 76.6 67.1 62.6 14.1 65.1 84.1 86.8 78.2 93.2 34.2 72.4 84.9 86.1 56.9 56.1 60.8 53.1 56.9 14.6 54.4 88.4 40.4 48.7 50.0 17.1 33.3 56.1 8.5 74.7 58.1 77.2 81.4 20.4 13.4 
66.0 65.3 32.6 78.4 95.0 81.6 56.3 93.3 62.0 10.0 109.2 12.6 60.7 28.0 20.0 101.8 91.2 79.6 76.6 26.9 12.8 44.7 26.8 101.1 47.5 0.0 21.5 99.2 90.6 46.5 35.6 76.1 100.7 41.2 33.5 95.6 86.2 90.4 78.1 72.5 72.8 32.8 71.8 62.6 76.9 18.9 56.1 89.1 88.1 60.5 70.7 82.4 73.5 4.5 26.1 64.6 35.0 18.9 52.3 44.9 20.0 74.0 56.4 52.8 60.7 
62.0 45.3 27.8 63.8 74.2 60.5 34.9 74.0 50.0 21.3 87.8 25.6 50.0 28.3 23.3 80.3 69.8 62.8 56.6 12.2 12.2 34.4 5.7 79.6 38.8 21.5 0.0 79.2 69.1 34.0 16.1 56.1 80.6 26.9 26.0 75.1 66.0 70.0 58.1 59.7 55.5 34.0 55.5 50.9 55.6 18.4 36.2 70.0 67.9 53.4 49.2 64.0 54.4 18.9 11.7 54.0 14.1 18.4 46.2 36.7 20.4 54.6 45.3 36.1 50.0 
76.0 33.9 76.0 92.0 55.7 50.4 53.9 8.0 52.6 100.5 26.1 104.8 56.6 83.2 87.1 38.8 27.2 82.1 22.6 72.5 86.6 92.5 73.6 25.6 65.1 99.2 79.2 0.0 33.5 59.1 63.7 62.0 2.0 83.3 72.5 8.2 61.2 60.2 62.1 96.3 31.0 106.7 82.1 95.7 30.6 95.6 64.6 12.2 11.7 66.3 37.4 74.4 26.1 97.6 83.2 56.1 65.1 95.6 69.4 96.9 97.2 66.0 95.1 48.4 56.6 
91.8 34.9 78.0 60.8 22.4 18.4 35.0 36.7 66.5 88.6 21.6 92.3 70.2 84.2 85.2 12.0 6.3 50.4 30.5 67.5 79.7 69.7 63.9 13.4 73.0 90.6 69.1 33.5 0.0 64.5 57.3 31.0 33.0 62.2 74.0 25.3 28.1 26.7 30.6 66.5 46.6 87.7 51.9 68.0 16.1 81.0 41.0 37.2 27.2 80.3 20.4 42.0 36.7 87.7 68.3 71.7 56.3 81.0 80.0 74.0 82.1 35.4 69.0 52.6 70.2 
32.6 30.0 17.2 86.8 79.1 65.4 42.8 51.9 16.1 51.9 76.7 56.3 16.1 24.4 29.7 76.4 62.0 82.0 38.8 22.1 34.2 65.1 30.3 70.1 8.9 46.5 34.0 59.1 64.5 0.0 21.5 67.7 60.9 55.7 14.1 58.2 75.2 77.8 69.3 85.4 28.8 68.0 76.6 78.7 48.4 52.2 52.3 47.4 50.0 21.6 45.6 79.6 33.5 46.8 44.4 20.1 26.0 52.2 17.2 68.4 54.1 68.4 74.3 12.0 16.1 
53.3 29.7 24.2 66.5 66.5 52.3 26.7 58.1 36.5 37.2 74.3 41.6 37.4 28.6 28.1 69.1 56.9 62.8 41.0 10.2 23.3 43.7 10.8 66.5 28.8 35.6 16.1 63.7 57.3 21.5 0.0 51.3 65.1 34.2 20.6 60.0 60.2 63.6 53.1 64.4 39.4 48.7 56.6 57.3 42.4 34.2 33.3 54.0 52.5 42.9 36.9 61.8 38.4 33.9 24.1 41.2 4.5 34.2 37.2 47.1 36.1 51.0 52.8 20.4 37.4 
99.6 46.0 75.4 30.1 20.6 12.6 25.1 62.8 76.4 71.0 52.0 73.8 79.2 79.7 77.7 36.1 36.5 20.1 49.4 60.2 68.3 43.3 52.6 44.3 76.6 76.1 56.1 62.0 31.0 67.7 51.3 0.0 62.0 38.6 71.7 54.0 10.2 14.6 2.0 35.4 62.8 63.5 20.9 37.7 33.0 61.6 20.0 61.6 52.6 88.1 28.6 13.4 53.7 72.2 50.4 82.0 48.1 61.6 84.9 47.2 62.1 4.5 39.7 58.1 79.2 
78.0 35.4 77.8 92.0 55.0 50.2 54.6 10.0 54.6 101.9 24.4 106.2 58.5 85.0 88.8 37.7 26.7 82.0 24.1 74.0 88.1 93.2 75.0 24.4 67.1 100.7 80.6 2.0 33.0 60.9 65.1 62.0 0.0 84.1 74.2 8.0 60.8 59.7 62.0 96.5 33.0 107.7 82.2 96.1 31.0 96.8 65.1 14.1 12.8 68.3 37.9 74.2 27.8 99.0 84.4 58.1 66.5 96.8 71.4 97.7 98.4 66.0 95.6 50.1 58.5 
86.8 53.0 54.0 37.6 59.1 47.7 29.5 80.3 70.3 34.1 83.5 36.1 71.5 55.2 50.0 71.2 65.3 38.5 62.6 37.2 37.7 10.0 27.2 75.1 62.6 41.2 26.9 83.3 62.2 55.7 34.2 38.6 84.1 0.0 51.6 76.9 48.7 53.1 40.5 32.8 68.1 25.6 30.6 24.1 53.9 24.0 21.3 77.2 71.7 77.0 46.6 42.0 63.2 36.9 16.1 75.3 29.7 24.0 70.7 14.1 24.1 35.4 18.9 52.6 71.5 
36.1 41.2 4.0 86.4 85.9 71.8 46.8 65.5 28.6 40.2 88.3 44.4 27.2 10.8 15.6 86.0 72.4 83.2 51.3 14.4 22.1 60.0 24.4 81.2 14.1 33.5 26.0 72.5 74.0 14.1 20.6 71.7 74.2 51.6 0.0 70.9 80.3 83.5 73.5 83.5 42.8 58.9 76.8 75.6 58.1 42.4 53.9 61.1 62.8 28.1 54.0 82.4 46.5 34.5 37.6 31.0 24.4 42.4 20.4 62.6 44.4 71.6 70.5 24.2 27.2 
78.4 30.5 74.7 84.0 47.5 42.2 47.4 12.8 54.0 96.2 20.9 100.4 58.0 81.7 85.0 31.2 19.0 74.0 19.7 69.3 83.2 85.9 69.4 18.4 65.1 95.6 75.1 8.2 25.3 58.2 60.0 54.0 8.0 76.9 70.9 0.0 53.0 51.9 54.0 88.6 32.0 101.0 74.2 88.3 23.4 90.7 57.6 15.2 8.2 68.0 30.5 66.3 24.7 93.7 78.1 58.1 61.0 90.7 70.3 90.4 92.2 58.0 87.9 46.8 58.0 
106.5 50.9 84.1 34.2 11.3 11.7 33.5 63.2 82.5 81.2 47.1 84.0 85.6 88.8 87.1 29.7 34.2 23.4 52.2 69.4 78.1 52.8 62.3 40.2 84.1 86.2 66.0 61.2 28.1 75.2 60.2 10.2 60.8 48.7 80.3 53.0 0.0 4.5 8.2 41.2 66.8 73.3 27.2 45.3 35.0 71.8 30.1 62.8 53.1 94.9 32.6 14.6 57.2 82.4 60.5 88.1 57.3 71.8 92.3 56.6 72.3 13.4 48.2 64.9 85.6 
108.8 52.5 87.4 37.6 7.2 12.8 36.9 62.8 84.4 85.5 44.4 88.3 87.7 92.2 90.8 26.7 33.0 26.8 52.8 73.0 82.0 57.3 66.1 38.0 86.8 90.4 70.0 60.2 26.7 77.8 63.6 14.6 59.7 53.1 83.5 51.9 4.5 0.0 12.6 44.9 67.9 77.8 31.2 49.5 35.6 76.2 34.2 62.6 52.8 97.1 34.1 17.9 58.1 86.6 64.8 90.0 60.8 76.2 94.8 61.1 76.7 17.9 52.5 67.2 87.7 
101.2 47.2 77.3 30.3 18.9 12.2 26.8 63.2 77.8 73.0 51.3 75.7 80.7 81.6 79.6 35.0 36.2 20.0 50.2 62.1 70.3 44.9 54.6 43.7 78.2 78.1 58.1 62.1 30.6 69.3 53.1 2.0 62.0 40.5 73.5 54.0 8.2 12.6 0.0 36.1 63.8 65.3 21.5 38.8 33.5 63.6 22.0 62.1 53.0 89.6 29.5 12.6 54.6 74.2 52.3 83.5 50.0 63.6 86.5 48.8 64.0 5.7 41.0 59.7 80.7 
117.6 73.8 86.3 8.9 52.2 48.1 47.5 96.0 98.4 63.9 87.3 64.6 100.2 87.9 82.8 70.7 71.8 18.4 80.4 69.3 70.5 27.9 59.4 79.7 93.2 72.5 59.7 96.3 66.5 85.4 64.4 35.4 96.5 32.8 83.5 88.6 41.2 44.9 36.1 0.0 90.7 46.2 14.6 10.2 66.0 53.9 35.4 94.1 86.0 107.1 60.0 27.2 83.2 68.0 48.8 103.8 60.0 53.9 101.6 28.6 53.1 31.0 16.5 79.6 100.2 
46.7 17.1 46.0 89.2 66.6 55.3 43.2 23.4 22.0 76.2 52.3 80.6 26.0 53.3 58.1 57.3 42.0 81.4 16.1 46.0 60.0 78.1 50.2 47.5 34.2 72.8 55.5 31.0 46.6 28.8 39.4 62.8 33.0 68.1 42.8 32.0 66.8 67.9 63.8 90.7 0.0 87.4 78.4 86.8 32.6 73.5 55.3 19.0 24.1 36.1 34.4 76.2 10.0 72.1 62.6 26.3 42.4 73.5 38.5 82.2 75.4 65.3 84.2 20.0 26.0 
94.6 74.3 59.7 54.0 84.1 73.2 54.0 102.9 84.0 22.8 108.9 21.3 84.0 57.6 50.2 96.8 90.6 58.9 85.0 46.0 37.9 20.9 38.2 100.4 72.4 32.8 34.0 106.7 87.7 68.0 48.7 63.5 107.7 25.6 58.9 101.0 73.3 77.8 65.3 46.2 87.4 0.0 51.0 36.1 78.4 16.5 46.9 99.3 95.0 86.8 71.2 64.6 84.3 28.8 24.7 88.0 45.1 16.5 79.2 18.1 14.6 59.9 30.0 69.1 84.0 
109.1 61.4 80.0 10.8 38.4 33.5 35.8 82.1 88.2 64.5 72.8 66.1 90.4 82.7 78.7 56.4 57.3 8.0 67.1 63.2 67.2 30.3 53.9 65.1 84.9 71.8 55.5 82.1 51.9 76.6 56.6 20.9 82.2 30.6 76.8 74.2 27.2 31.2 21.5 14.6 78.4 51.0 0.0 18.4 52.0 54.3 24.4 80.4 72.0 98.1 46.4 14.4 70.3 67.5 46.2 93.7 52.5 54.3 93.4 33.0 54.1 16.5 22.4 69.3 90.4 
110.5 70.3 78.1 18.1 56.6 50.1 44.0 94.5 92.5 53.9 89.4 54.4 94.0 79.2 73.8 73.8 72.8 25.1 78.0 61.2 61.2 17.9 51.2 81.4 86.1 62.6 50.9 95.7 68.0 78.7 57.3 37.7 96.1 24.1 75.6 88.3 45.3 49.5 38.8 10.2 86.8 36.1 18.4 0.0 65.1 43.9 32.0 92.2 84.9 100.2 58.5 32.8 80.1 58.1 39.7 97.7 52.8 43.9 94.3 18.4 43.1 33.3 6.3 74.0 94.0 
76.2 19.0 62.1 62.3 34.1 23.3 24.4 30.1 51.0 76.0 32.2 80.0 54.6 68.5 69.9 28.1 14.6 53.0 17.2 52.5 65.4 62.6 50.1 24.2 56.9 76.9 55.6 30.6 16.1 48.4 42.4 33.0 31.0 53.9 58.1 23.4 35.0 35.6 33.5 66.0 32.6 78.4 52.0 65.1 0.0 69.4 34.2 28.6 20.0 64.6 7.2 46.2 22.6 74.4 56.6 56.4 42.0 69.4 64.0 67.1 70.8 36.5 64.6 36.5 54.6 
78.1 62.1 43.2 60.2 81.6 69.1 46.0 91.0 68.3 10.2 101.2 12.2 68.0 41.2 34.0 91.3 82.8 62.3 73.2 30.1 21.5 26.0 23.4 92.8 56.1 18.9 18.4 95.6 81.0 52.2 34.2 61.6 96.8 24.0 42.4 90.7 71.8 76.2 63.6 53.9 73.5 16.5 54.3 43.9 69.4 0.0 42.4 87.1 84.0 70.5 62.5 66.0 71.7 14.4 12.8 72.0 31.3 0.0 62.8 26.1 2.0 58.9 37.6 54.4 68.0 
84.9 38.5 57.3 35.0 39.3 26.8 12.2 62.8 63.8 51.4 62.5 54.4 66.0 60.9 58.2 50.0 44.4 29.7 46.0 41.2 48.4 28.8 33.0 54.0 60.8 56.1 36.2 64.6 41.0 52.3 33.3 20.0 65.1 21.3 53.9 57.6 30.1 34.2 22.0 35.4 55.3 46.9 24.4 32.0 34.2 42.4 0.0 60.3 53.4 73.8 27.2 28.6 48.2 52.3 30.6 69.3 29.5 42.4 69.3 33.3 43.1 18.4 30.6 44.9 66.0 
64.0 25.1 64.5 90.8 59.4 51.3 48.7 4.5 40.4 91.2 36.1 95.6 44.4 71.7 76.0 45.3 31.2 81.6 14.6 62.2 76.4 86.8 64.4 33.3 53.1 89.1 70.0 12.2 37.2 47.4 54.0 61.6 14.1 77.2 61.1 15.2 62.8 62.6 62.1 94.1 19.0 99.3 80.4 92.2 28.6 87.1 60.3 0.0 10.0 54.1 34.1 74.7 15.6 87.9 75.2 44.0 56.0 87.1 57.3 91.2 88.8 65.1 90.8 37.2 44.4 
70.7 22.8 66.5 82.2 49.4 41.8 42.4 10.2 46.0 89.1 28.3 93.4 50.0 73.5 76.9 35.6 21.3 72.7 11.7 61.6 75.6 81.0 62.2 24.2 56.9 88.1 67.9 11.7 27.2 50.0 52.5 52.6 12.8 71.7 62.8 8.2 53.1 52.8 53.0 86.0 24.1 95.0 72.0 84.9 20.0 84.0 53.4 10.0 0.0 60.1 26.3 65.5 16.5 86.4 71.6 50.4 53.7 84.0 62.1 85.4 85.6 56.3 84.0 38.6 50.0 
11.7 45.7 28.1 108.4 97.5 84.4 63.7 58.3 14.1 68.0 88.4 72.1 10.2 33.0 40.8 91.8 76.7 103.3 51.0 41.2 50.0 86.2 50.6 83.2 14.6 60.5 53.4 66.3 80.3 21.6 42.9 88.1 68.3 77.0 28.1 68.0 94.9 97.1 89.6 107.1 36.1 86.8 98.1 100.2 64.6 70.5 73.8 54.1 60.1 0.0 63.5 100.5 44.7 62.1 64.6 10.2 47.4 70.5 8.2 89.2 72.4 89.2 95.7 30.0 10.2 
75.2 18.4 58.0 56.9 34.0 21.3 17.2 36.1 50.5 69.3 38.8 73.2 53.9 64.0 64.8 32.2 20.6 48.1 20.9 47.1 59.5 55.5 43.9 30.5 54.4 70.7 49.2 37.4 20.4 45.6 36.9 28.6 37.9 46.6 54.0 30.5 32.6 34.1 29.5 60.0 34.4 71.2 46.4 58.5 7.2 62.5 27.2 34.1 26.3 63.5 0.0 42.0 25.1 68.0 49.7 56.0 36.1 62.5 62.0 59.9 63.8 31.6 57.7 34.2 53.9 
111.9 59.4 85.9 19.7 25.1 24.1 36.9 75.7 89.2 76.0 61.6 78.1 91.9 89.6 86.6 44.3 48.0 8.9 62.8 69.9 76.2 43.7 61.4 54.6 88.4 82.4 64.0 74.4 42.0 79.6 61.8 13.4 74.2 42.0 82.4 66.3 14.6 17.9 12.6 27.2 76.2 64.6 14.4 32.8 46.2 66.0 28.6 74.7 65.5 100.5 42.0 0.0 67.1 78.2 56.3 94.8 58.1 66.0 96.8 46.8 66.1 11.3 36.7 70.7 91.9 
55.8 10.2 50.2 81.0 56.6 45.6 36.1 19.8 30.6 75.6 44.0 80.0 34.5 57.3 61.1 47.5 32.3 72.8 6.3 46.7 60.8 73.0 48.8 38.5 40.4 73.5 54.4 26.1 36.7 33.5 38.4 53.7 27.8 63.2 46.5 24.7 57.2 58.1 54.6 83.2 10.0 84.3 70.3 80.1 22.6 71.7 48.2 15.6 16.5 44.7 25.1 67.1 0.0 72.2 59.9 35.4 40.5 71.7 46.0 77.3 73.4 56.5 78.0 22.4 34.5 
68.3 63.7 34.1 74.0 91.4 78.1 53.1 92.0 62.6 6.3 106.7 10.0 61.6 30.3 22.4 98.8 88.6 75.3 75.0 26.1 12.6 40.2 24.4 98.5 48.7 4.5 18.9 97.6 87.7 46.8 33.9 72.2 99.0 36.9 34.5 93.7 82.4 86.6 74.2 68.0 72.1 28.8 67.5 58.1 74.4 14.4 52.3 87.9 86.4 62.1 68.0 78.2 72.2 0.0 22.0 65.5 32.8 14.4 54.0 40.5 15.6 70.0 51.9 52.2 61.6 
73.5 50.1 39.4 53.7 69.9 56.9 33.3 78.9 60.1 20.9 88.4 24.2 60.5 39.7 34.1 78.7 70.0 53.9 61.1 23.4 21.6 22.8 14.1 80.0 50.0 26.1 11.7 83.2 68.3 44.4 24.1 50.4 84.4 16.1 37.6 78.1 60.5 64.8 52.3 48.8 62.6 24.7 46.2 39.7 56.6 12.8 30.6 75.2 71.6 64.6 49.7 56.3 59.9 22.0 0.0 64.5 20.4 12.8 57.6 25.1 14.1 48.0 33.9 44.4 60.5 
20.4 37.7 32.3 104.3 89.9 77.2 58.4 48.2 5.7 71.0 78.6 75.3 4.0 38.5 45.7 82.9 67.7 98.4 41.8 42.0 53.0 84.9 50.4 73.8 17.1 64.6 54.0 56.1 71.7 20.1 41.2 82.0 58.1 75.3 31.0 58.1 88.1 90.0 83.5 103.8 26.3 88.0 93.7 97.7 56.4 72.0 69.3 44.0 50.4 10.2 56.0 94.8 35.4 65.5 64.5 0.0 45.6 72.0 15.6 88.3 74.0 83.5 93.6 24.4 4.0 
57.7 31.2 27.8 62.2 64.1 50.0 24.1 60.0 40.8 35.4 74.2 39.7 41.8 31.6 30.1 67.9 56.5 58.8 42.5 12.2 23.4 39.3 8.5 66.2 33.3 35.0 14.1 65.1 56.3 26.0 4.5 48.1 66.5 29.7 24.4 61.0 57.3 60.8 50.0 60.0 42.4 45.1 52.5 52.8 42.0 31.3 29.5 56.0 53.7 47.4 36.1 58.1 40.5 32.8 20.4 45.6 0.0 31.3 41.6 42.8 33.1 47.5 48.3 24.1 41.8 
78.1 62.1 43.2 60.2 81.6 69.1 46.0 91.0 68.3 10.2 101.2 12.2 68.0 41.2 34.0 91.3 82.8 62.3 73.2 30.1 21.5 26.0 23.4 92.8 56.1 18.9 18.4 95.6 81.0 52.2 34.2 61.6 96.8 24.0 42.4 90.7 71.8 76.2 63.6 53.9 73.5 16.5 54.3 43.9 69.4 0.0 42.4 87.1 84.0 70.5 62.5 66.0 71.7 14.4 12.8 72.0 31.3 0.0 62.8 26.1 2.0 58.9 37.6 54.4 68.0 
16.1 45.1 20.0 103.5 95.9 82.3 60.0 61.6 17.1 60.0 90.0 64.0 13.4 24.7 32.6 91.8 76.9 99.0 52.0 34.2 42.0 79.6 43.9 84.2 8.5 52.3 46.2 69.4 80.0 17.2 37.2 84.9 71.4 70.7 20.4 70.3 92.3 94.8 86.5 101.6 38.5 79.2 93.4 94.3 64.0 62.8 69.3 57.3 62.1 8.2 62.0 96.8 46.0 54.0 57.6 15.6 41.6 62.8 0.0 82.5 64.8 85.6 89.6 27.9 13.4 
98.5 67.1 64.5 36.1 67.7 58.0 43.1 94.3 83.5 35.8 95.6 36.1 84.4 64.4 58.1 82.0 77.7 40.8 76.7 48.3 45.3 4.5 38.6 87.2 74.7 44.9 36.7 96.9 74.0 68.4 47.1 47.2 97.7 14.1 62.6 90.4 56.6 61.1 48.8 28.6 82.2 18.1 33.0 18.4 67.1 26.1 33.3 91.2 85.4 89.2 59.9 46.8 77.3 40.5 25.1 88.3 42.8 26.1 82.5 0.0 25.1 43.3 12.2 66.3 84.4 
80.0 63.8 45.1 59.7 82.2 69.9 47.2 92.6 70.3 10.8 102.4 12.0 70.0 43.1 35.8 92.3 84.0 62.1 74.9 32.1 23.4 25.3 25.3 94.0 58.1 20.0 20.4 97.2 82.1 54.1 36.1 62.1 98.4 24.1 44.4 92.2 72.3 76.7 64.0 53.1 75.4 14.6 54.1 43.1 70.8 2.0 43.1 88.8 85.6 72.4 63.8 66.1 73.4 15.6 14.1 74.0 33.1 2.0 64.8 25.1 0.0 59.2 36.8 56.3 70.0 
100.7 48.4 75.2 26.0 24.4 17.1 25.6 66.5 77.9 68.5 56.5 71.0 80.6 79.1 76.7 40.5 40.8 16.5 52.5 59.5 66.8 39.4 51.4 48.7 77.2 74.0 54.6 66.0 35.4 68.4 51.0 4.5 66.0 35.4 71.6 58.0 13.4 17.9 5.7 31.0 65.3 59.9 16.5 33.3 36.5 58.9 18.4 65.1 56.3 89.2 31.6 11.3 56.5 70.0 48.0 83.5 47.5 58.9 85.6 43.3 59.2 0.0 35.4 59.4 80.6 
105.7 68.0 72.8 24.0 59.5 51.6 42.2 93.4 88.5 47.5 90.6 48.1 89.9 73.6 67.9 75.6 73.3 29.7 76.4 56.0 55.3 11.7 46.0 82.4 81.4 56.4 45.3 95.1 69.0 74.3 52.8 39.7 95.6 18.9 70.5 87.9 48.2 52.5 41.0 16.5 84.2 30.0 22.4 6.3 64.6 37.6 30.6 90.8 84.0 95.7 57.7 36.7 78.0 51.9 33.9 93.6 48.3 37.6 89.6 12.2 36.8 35.4 0.0 70.3 89.9 
41.6 18.0 27.9 79.9 68.0 54.6 34.1 41.6 18.9 56.4 64.8 60.8 21.3 34.9 38.8 64.5 50.0 74.0 27.2 26.1 40.0 62.5 31.0 58.1 20.4 52.8 36.1 48.4 52.6 12.0 20.4 58.1 50.1 52.6 24.2 46.8 64.9 67.2 59.7 79.6 20.0 69.1 69.3 74.0 36.5 54.4 44.9 37.2 38.6 30.0 34.2 70.7 22.4 52.2 44.4 24.4 24.1 54.4 27.9 66.3 56.3 59.4 70.3 0.0 21.3 
21.5 35.8 28.6 101.0 87.8 74.9 55.3 48.7 4.0 67.1 78.2 71.4 0.0 35.0 42.0 81.6 66.5 95.3 40.8 38.0 49.0 81.0 46.4 73.0 13.4 60.7 50.0 56.6 70.2 16.1 37.4 79.2 58.5 71.5 27.2 58.0 85.6 87.7 80.7 100.2 26.0 84.0 90.4 94.0 54.6 68.0 66.0 44.4 50.0 10.2 53.9 91.9 34.5 61.6 60.5 4.0 41.8 68.0 13.4 84.4 70.0 80.6 89.9 21.3 0.0 

Routes: 
Route: 0 1 44 4 28 50 27 15 5 16 0 | Demand: 100.0| Cost: 2253.8
Route: 0 2 41 45 57 60 20 53 62 33 0 | Demand: 100.0| Cost: 1854.7
Route: 0 3 39 17 42 43 51 36 38 46 52 0 | Demand: 100.0| Cost: 2957.3
Route: 0 6 61 31 23 32 47 12 49 0 | Demand: 100.0| Cost: 1812.1
Route: 0 7 10 35 65 48 40 0 | Demand: 98.0| Cost: 1168.0
Route: 0 8 18 37 63 24 14 0 | Demand: 99.0| Cost: 1126.7
Route: 0 9 11 59 21 26 0 | Demand: 97.0| Cost: 950.5
Route: 0 13 25 54 22 19 56 58 0 | Demand: 97.0| Cost: 1079.1
Route: 0 29 30 34 64 55 0 | Demand: 86.0| Cost: 533.1

Total cost: 13735.3
Execution time: 0.026

-----------------------------------------

ClarkeWright Parallel: 
 
Distance Matrix: 
0.0 57.3 34.9 119.3 109.2 96.0 75.1 68.0 25.3 74.4 99.0 78.2 21.5 38.1 46.0 103.1 87.9 114.6 62.1 50.2 56.9 95.7 59.9 94.1 24.4 66.0 62.0 76.0 91.8 32.6 53.3 99.6 78.0 86.8 36.1 78.4 106.5 108.8 101.2 117.6 46.7 94.6 109.1 110.5 76.2 78.1 84.9 64.0 70.7 11.7 75.2 111.9 55.8 68.3 73.5 20.4 57.7 78.1 16.1 98.5 80.0 100.7 105.7 41.6 21.5 
57.3 0.0 45.1 72.1 52.2 39.7 26.3 28.8 32.2 66.6 47.1 70.9 35.8 51.9 54.6 46.7 32.1 64.4 11.3 38.8 52.8 62.8 39.7 40.2 38.2 65.3 45.3 33.9 34.9 30.0 29.7 46.0 35.4 53.0 41.2 30.5 50.9 52.5 47.2 73.8 17.1 74.3 61.4 70.3 19.0 62.1 38.5 25.1 22.8 45.7 18.4 59.4 10.2 63.7 50.1 37.7 31.2 62.1 45.1 67.1 63.8 48.4 68.0 18.0 35.8 
34.9 45.1 0.0 89.4 89.8 75.7 50.6 69.0 30.5 40.0 92.2 44.0 28.6 7.2 13.4 90.0 76.4 86.5 55.0 17.0 22.1 62.1 26.9 85.2 15.2 32.6 27.8 76.0 78.0 17.2 24.2 75.4 77.8 54.0 4.0 74.7 84.1 87.4 77.3 86.3 46.0 59.7 80.0 78.1 62.1 43.2 57.3 64.5 66.5 28.1 58.0 85.9 50.2 34.1 39.4 32.3 27.8 43.2 20.0 64.5 45.1 75.2 72.8 27.9 28.6 
119.3 72.1 89.4 0.0 44.7 42.4 46.5 92.3 98.8 70.3 81.0 71.4 101.0 91.6 87.1 63.9 66.5 10.8 77.7 72.5 75.2 34.5 62.8 73.8 95.0 78.4 63.8 92.0 60.8 86.8 66.5 30.1 92.0 37.6 86.4 84.0 34.2 37.6 30.3 8.9 89.2 54.0 10.8 18.1 62.3 60.2 35.0 90.8 82.2 108.4 56.9 19.7 81.0 74.0 53.7 104.3 62.2 60.2 103.5 36.1 59.7 26.0 24.0 79.9 101.0 
109.2 52.2 89.8 44.7 0.0 14.1 40.0 59.1 84.4 90.7 38.1 93.7 87.8 95.0 94.2 20.1 28.6 34.0 50.9 76.2 86.1 63.8 70.0 32.2 88.0 95.0 74.2 55.7 22.4 79.1 66.5 20.6 55.0 59.1 85.9 47.5 11.3 7.2 18.9 52.2 66.6 84.1 38.4 56.6 34.1 81.6 39.3 59.4 49.4 97.5 34.0 25.1 56.6 91.4 69.9 89.9 64.1 81.6 95.9 67.7 82.2 24.4 59.5 68.0 87.8 
96.0 39.7 75.7 42.4 14.1 0.0 26.0 51.9 71.6 77.8 39.4 81.0 74.9 80.9 80.1 24.1 24.1 32.1 40.5 62.1 72.2 53.8 56.1 31.6 74.3 81.6 60.5 50.4 18.4 65.4 52.3 12.6 50.2 47.7 71.8 42.2 11.7 12.8 12.2 48.1 55.3 73.2 33.5 50.1 23.3 69.1 26.8 51.3 41.8 84.4 21.3 24.1 45.6 78.1 56.9 77.2 50.0 69.1 82.3 58.0 69.9 17.1 51.6 54.6 74.9 
75.1 26.3 50.6 46.5 40.0 26.0 0.0 51.4 52.8 53.7 55.3 57.3 55.3 55.3 54.1 45.7 36.9 40.0 34.2 36.2 46.4 38.6 30.3 46.9 51.6 56.3 34.9 53.9 35.0 42.8 26.7 25.1 54.6 29.5 46.8 47.4 33.5 36.9 26.8 47.5 43.2 54.0 35.8 44.0 24.4 46.0 12.2 48.7 42.4 63.7 17.2 36.9 36.1 53.1 33.3 58.4 24.1 46.0 60.0 43.1 47.2 25.6 42.2 34.1 55.3 
68.0 28.8 69.0 92.3 59.1 51.9 51.4 0.0 44.7 95.3 33.1 99.6 48.7 76.2 80.4 43.9 30.5 82.9 17.9 66.5 80.6 89.8 68.4 31.2 57.6 93.3 74.0 8.0 36.7 51.9 58.1 62.8 10.0 80.3 65.5 12.8 63.2 62.8 63.2 96.0 23.4 102.9 82.1 94.5 30.1 91.0 62.8 4.5 10.2 58.3 36.1 75.7 19.8 92.0 78.9 48.2 60.0 91.0 61.6 94.3 92.6 66.5 93.4 41.6 48.7 
25.3 32.2 30.5 98.8 84.4 71.6 52.8 44.7 0.0 67.9 74.2 72.3 4.0 37.2 43.9 77.8 62.6 92.8 36.9 38.2 50.0 80.0 46.0 69.1 15.6 62.0 50.0 52.6 66.5 16.1 36.5 76.4 54.6 70.3 28.6 54.0 82.5 84.4 77.8 98.4 22.0 84.0 88.2 92.5 51.0 68.3 63.8 40.4 46.0 14.1 50.5 89.2 30.6 62.6 60.1 5.7 40.8 68.3 17.1 83.5 70.3 77.9 88.5 18.9 4.0 
74.4 66.6 40.0 70.3 90.7 77.8 53.7 95.3 67.9 0.0 108.2 4.5 67.1 36.5 28.6 99.3 89.9 72.4 77.9 30.5 18.1 36.1 26.9 99.9 54.3 10.0 21.3 100.5 88.6 51.9 37.2 71.0 101.9 34.1 40.2 96.2 81.2 85.5 73.0 63.9 76.2 22.8 64.5 53.9 76.0 10.2 51.4 91.2 89.1 68.0 69.3 76.0 75.6 6.3 20.9 71.0 35.4 10.2 60.0 35.8 10.8 68.5 47.5 56.4 67.1 
99.0 47.1 92.2 81.0 38.1 39.4 55.3 33.1 74.2 108.2 0.0 112.1 78.2 99.0 101.2 18.0 18.4 70.3 38.1 84.3 97.5 91.2 82.4 8.5 84.2 109.2 87.8 26.1 21.6 76.7 74.3 52.0 24.4 83.5 88.3 20.9 47.1 44.4 51.3 87.3 52.3 108.9 72.8 89.4 32.2 101.2 62.5 36.1 28.3 88.4 38.8 61.6 44.0 106.7 88.4 78.6 74.2 101.2 90.0 95.6 102.4 56.5 90.6 64.8 78.2 
78.2 70.9 44.0 71.4 93.7 81.0 57.3 99.6 72.3 4.5 112.1 0.0 71.4 40.2 32.2 102.9 93.7 74.1 82.2 34.9 22.4 36.9 31.2 103.7 58.5 12.6 25.6 104.8 92.3 56.3 41.6 73.8 106.2 36.1 44.4 100.4 84.0 88.3 75.7 64.6 80.6 21.3 66.1 54.4 80.0 12.2 54.4 95.6 93.4 72.1 73.2 78.1 80.0 10.0 24.2 75.3 39.7 12.2 64.0 36.1 12.0 71.0 48.1 60.8 71.4 
21.5 35.8 28.6 101.0 87.8 74.9 55.3 48.7 4.0 67.1 78.2 71.4 0.0 35.0 42.0 81.6 66.5 95.3 40.8 38.0 49.0 81.0 46.4 73.0 13.4 60.7 50.0 56.6 70.2 16.1 37.4 79.2 58.5 71.5 27.2 58.0 85.6 87.7 80.7 100.2 26.0 84.0 90.4 94.0 54.6 68.0 66.0 44.4 50.0 10.2 53.9 91.9 34.5 61.6 60.5 4.0 41.8 68.0 13.4 84.4 70.0 80.6 89.9 21.3 0.0 
38.1 51.9 7.2 91.6 95.0 80.9 55.3 76.2 37.2 36.5 99.0 40.2 35.0 0.0 8.0 96.2 82.9 89.6 62.0 19.7 19.7 62.5 28.8 91.8 21.6 28.0 28.3 83.2 84.2 24.4 28.6 79.7 85.0 55.2 10.8 81.7 88.8 92.2 81.6 87.9 53.3 57.6 82.7 79.2 68.5 41.2 60.9 71.7 73.5 33.0 64.0 89.6 57.3 30.3 39.7 38.5 31.6 41.2 24.7 64.4 43.1 79.1 73.6 34.9 35.0 
46.0 54.6 13.4 87.1 94.2 80.1 54.1 80.4 43.9 28.6 101.2 32.2 42.0 8.0 0.0 97.0 84.4 85.9 65.3 18.0 12.8 56.6 25.3 93.7 28.6 20.0 23.3 87.1 85.2 29.7 28.1 77.7 88.8 50.0 15.6 85.0 87.1 90.8 79.6 82.8 58.1 50.2 78.7 73.8 69.9 34.0 58.2 76.0 76.9 40.8 64.8 86.6 61.1 22.4 34.1 45.7 30.1 34.0 32.6 58.1 35.8 76.7 67.9 38.8 42.0 
103.1 46.7 90.0 63.9 20.1 24.1 45.7 43.9 77.8 99.3 18.0 102.9 81.6 96.2 97.0 0.0 15.2 53.1 41.2 79.2 91.2 77.8 75.3 13.4 84.9 101.8 80.3 38.8 12.0 76.4 69.1 36.1 37.7 71.2 86.0 31.2 29.7 26.7 35.0 70.7 57.3 96.8 56.4 73.8 28.1 91.3 50.0 45.3 35.6 91.8 32.2 44.3 47.5 98.8 78.7 82.9 67.9 91.3 91.8 82.0 92.3 40.5 75.6 64.5 81.6 
87.9 32.1 76.4 66.5 28.6 24.1 36.9 30.5 62.6 89.9 18.4 93.7 66.5 82.9 84.4 15.2 0.0 56.1 26.0 67.1 79.8 73.2 64.4 10.0 70.3 91.2 69.8 27.2 6.3 62.0 56.9 36.5 26.7 65.3 72.4 19.0 34.2 33.0 36.2 71.8 42.0 90.6 57.3 72.8 14.6 82.8 44.4 31.2 21.3 76.7 20.6 48.0 32.3 88.6 70.0 67.7 56.5 82.8 76.9 77.7 84.0 40.8 73.3 50.0 66.5 
114.6 64.4 86.5 10.8 34.0 32.1 40.0 82.9 92.8 72.4 70.3 74.1 95.3 89.6 85.9 53.1 56.1 0.0 69.0 70.0 74.7 38.2 60.8 63.2 90.6 79.6 62.8 82.1 50.4 82.0 62.8 20.1 82.0 38.5 83.2 74.0 23.4 26.8 20.0 18.4 81.4 58.9 8.0 25.1 53.0 62.3 29.7 81.6 72.7 103.3 48.1 8.9 72.8 75.3 53.9 98.4 58.8 62.3 99.0 40.8 62.1 16.5 29.7 74.0 95.3 
62.1 11.3 55.0 77.7 50.9 40.5 34.2 17.9 36.9 77.9 38.1 82.2 40.8 62.0 65.3 41.2 26.0 69.0 0.0 50.0 64.0 72.3 51.0 32.2 46.2 76.6 56.6 22.6 30.5 38.8 41.0 49.4 24.1 62.6 51.3 19.7 52.2 52.8 50.2 80.4 16.1 85.0 67.1 78.0 17.2 73.2 46.0 14.6 11.7 51.0 20.9 62.8 6.3 75.0 61.1 41.8 42.5 73.2 52.0 76.7 74.9 52.5 76.4 27.2 40.8 
50.2 38.8 17.0 72.5 76.2 62.1 36.2 66.5 38.2 30.5 84.3 34.9 38.0 19.7 18.0 79.2 67.1 70.0 50.0 0.0 14.1 45.7 10.0 76.6 26.7 26.9 12.2 72.5 67.5 22.1 10.2 60.2 74.0 37.2 14.4 69.3 69.4 73.0 62.1 69.3 46.0 46.0 63.2 61.2 52.5 30.1 41.2 62.2 61.6 41.2 47.1 69.9 46.7 26.1 23.4 42.0 12.2 30.1 34.2 48.3 32.1 59.5 56.0 26.1 38.0 
56.9 52.8 22.1 75.2 86.1 72.2 46.4 80.6 50.0 18.1 97.5 22.4 49.0 19.7 12.8 91.2 79.8 74.7 64.0 14.1 0.0 43.9 16.1 89.6 36.2 12.8 12.2 86.6 79.7 34.2 23.3 68.3 88.1 37.7 22.1 83.2 78.1 82.0 70.3 70.5 60.0 37.9 67.2 61.2 65.4 21.5 48.4 76.4 75.6 50.0 59.5 76.2 60.8 12.6 21.6 53.0 23.4 21.5 42.0 45.3 23.4 66.8 55.3 40.0 49.0 
95.7 62.8 62.1 34.5 63.8 53.8 38.6 89.8 80.0 36.1 91.2 36.9 81.0 62.5 56.6 77.8 73.2 38.2 72.3 45.7 43.9 0.0 35.8 82.8 71.7 44.7 34.4 92.5 69.7 65.1 43.7 43.3 93.2 10.0 60.0 85.9 52.8 57.3 44.9 27.9 78.1 20.9 30.3 17.9 62.6 26.0 28.8 86.8 81.0 86.2 55.5 43.7 73.0 40.2 22.8 84.9 39.3 26.0 79.6 4.5 25.3 39.4 11.7 62.5 81.0 
59.9 39.7 26.9 62.8 70.0 56.1 30.3 68.4 46.0 26.9 82.4 31.2 46.4 28.8 25.3 75.3 64.4 60.8 51.0 10.0 16.1 35.8 0.0 74.2 36.1 26.8 5.7 73.6 63.9 30.3 10.8 52.6 75.0 27.2 24.4 69.4 62.3 66.1 54.6 59.4 50.2 38.2 53.9 51.2 50.1 23.4 33.0 64.4 62.2 50.6 43.9 61.4 48.8 24.4 14.1 50.4 8.5 23.4 43.9 38.6 25.3 51.4 46.0 31.0 46.4 
94.1 40.2 85.2 73.8 32.2 31.6 46.9 31.2 69.1 99.9 8.5 103.7 73.0 91.8 93.7 13.4 10.0 63.2 32.2 76.6 89.6 82.8 74.2 0.0 78.0 101.1 79.6 25.6 13.4 70.1 66.5 44.3 24.4 75.1 81.2 18.4 40.2 38.0 43.7 79.7 47.5 100.4 65.1 81.4 24.2 92.8 54.0 33.3 24.2 83.2 30.5 54.6 38.5 98.5 80.0 73.8 66.2 92.8 84.2 87.2 94.0 48.7 82.4 58.1 73.0 
24.4 38.2 15.2 95.0 88.0 74.3 51.6 57.6 15.6 54.3 84.2 58.5 13.4 21.6 28.6 84.9 70.3 90.6 46.2 26.7 36.2 71.7 36.1 78.0 0.0 47.5 38.8 65.1 73.0 8.9 28.8 76.6 67.1 62.6 14.1 65.1 84.1 86.8 78.2 93.2 34.2 72.4 84.9 86.1 56.9 56.1 60.8 53.1 56.9 14.6 54.4 88.4 40.4 48.7 50.0 17.1 33.3 56.1 8.5 74.7 58.1 77.2 81.4 20.4 13.4 
66.0 65.3 32.6 78.4 95.0 81.6 56.3 93.3 62.0 10.0 109.2 12.6 60.7 28.0 20.0 101.8 91.2 79.6 76.6 26.9 12.8 44.7 26.8 101.1 47.5 0.0 21.5 99.2 90.6 46.5 35.6 76.1 100.7 41.2 33.5 95.6 86.2 90.4 78.1 72.5 72.8 32.8 71.8 62.6 76.9 18.9 56.1 89.1 88.1 60.5 70.7 82.4 73.5 4.5 26.1 64.6 35.0 18.9 52.3 44.9 20.0 74.0 56.4 52.8 60.7 
62.0 45.3 27.8 63.8 74.2 60.5 34.9 74.0 50.0 21.3 87.8 25.6 50.0 28.3 23.3 80.3 69.8 62.8 56.6 12.2 12.2 34.4 5.7 79.6 38.8 21.5 0.0 79.2 69.1 34.0 16.1 56.1 80.6 26.9 26.0 75.1 66.0 70.0 58.1 59.7 55.5 34.0 55.5 50.9 55.6 18.4 36.2 70.0 67.9 53.4 49.2 64.0 54.4 18.9 11.7 54.0 14.1 18.4 46.2 36.7 20.4 54.6 45.3 36.1 50.0 
76.0 33.9 76.0 92.0 55.7 50.4 53.9 8.0 52.6 100.5 26.1 104.8 56.6 83.2 87.1 38.8 27.2 82.1 22.6 72.5 86.6 92.5 73.6 25.6 65.1 99.2 79.2 0.0 33.5 59.1 63.7 62.0 2.0 83.3 72.5 8.2 61.2 60.2 62.1 96.3 31.0 106.7 82.1 95.7 30.6 95.6 64.6 12.2 11.7 66.3 37.4 74.4 26.1 97.6 83.2 56.1 65.1 95.6 69.4 96.9 97.2 66.0 95.1 48.4 56.6 
91.8 34.9 78.0 60.8 22.4 18.4 35.0 36.7 66.5 88.6 21.6 92.3 70.2 84.2 85.2 12.0 6.3 50.4 30.5 67.5 79.7 69.7 63.9 13.4 73.0 90.6 69.1 33.5 0.0 64.5 57.3 31.0 33.0 62.2 74.0 25.3 28.1 26.7 30.6 66.5 46.6 87.7 51.9 68.0 16.1 81.0 41.0 37.2 27.2 80.3 20.4 42.0 36.7 87.7 68.3 71.7 56.3 81.0 80.0 74.0 82.1 35.4 69.0 52.6 70.2 
32.6 30.0 17.2 86.8 79.1 65.4 42.8 51.9 16.1 51.9 76.7 56.3 16.1 24.4 29.7 76.4 62.0 82.0 38.8 22.1 34.2 65.1 30.3 70.1 8.9 46.5 34.0 59.1 64.5 0.0 21.5 67.7 60.9 55.7 14.1 58.2 75.2 77.8 69.3 85.4 28.8 68.0 76.6 78.7 48.4 52.2 52.3 47.4 50.0 21.6 45.6 79.6 33.5 46.8 44.4 20.1 26.0 52.2 17.2 68.4 54.1 68.4 74.3 12.0 16.1 
53.3 29.7 24.2 66.5 66.5 52.3 26.7 58.1 36.5 37.2 74.3 41.6 37.4 28.6 28.1 69.1 56.9 62.8 41.0 10.2 23.3 43.7 10.8 66.5 28.8 35.6 16.1 63.7 57.3 21.5 0.0 51.3 65.1 34.2 20.6 60.0 60.2 63.6 53.1 64.4 39.4 48.7 56.6 57.3 42.4 34.2 33.3 54.0 52.5 42.9 36.9 61.8 38.4 33.9 24.1 41.2 4.5 34.2 37.2 47.1 36.1 51.0 52.8 20.4 37.4 
99.6 46.0 75.4 30.1 20.6 12.6 25.1 62.8 76.4 71.0 52.0 73.8 79.2 79.7 77.7 36.1 36.5 20.1 49.4 60.2 68.3 43.3 52.6 44.3 76.6 76.1 56.1 62.0 31.0 67.7 51.3 0.0 62.0 38.6 71.7 54.0 10.2 14.6 2.0 35.4 62.8 63.5 20.9 37.7 33.0 61.6 20.0 61.6 52.6 88.1 28.6 13.4 53.7 72.2 50.4 82.0 48.1 61.6 84.9 47.2 62.1 4.5 39.7 58.1 79.2 
78.0 35.4 77.8 92.0 55.0 50.2 54.6 10.0 54.6 101.9 24.4 106.2 58.5 85.0 88.8 37.7 26.7 82.0 24.1 74.0 88.1 93.2 75.0 24.4 67.1 100.7 80.6 2.0 33.0 60.9 65.1 62.0 0.0 84.1 74.2 8.0 60.8 59.7 62.0 96.5 33.0 107.7 82.2 96.1 31.0 96.8 65.1 14.1 12.8 68.3 37.9 74.2 27.8 99.0 84.4 58.1 66.5 96.8 71.4 97.7 98.4 66.0 95.6 50.1 58.5 
86.8 53.0 54.0 37.6 59.1 47.7 29.5 80.3 70.3 34.1 83.5 36.1 71.5 55.2 50.0 71.2 65.3 38.5 62.6 37.2 37.7 10.0 27.2 75.1 62.6 41.2 26.9 83.3 62.2 55.7 34.2 38.6 84.1 0.0 51.6 76.9 48.7 53.1 40.5 32.8 68.1 25.6 30.6 24.1 53.9 24.0 21.3 77.2 71.7 77.0 46.6 42.0 63.2 36.9 16.1 75.3 29.7 24.0 70.7 14.1 24.1 35.4 18.9 52.6 71.5 
36.1 41.2 4.0 86.4 85.9 71.8 46.8 65.5 28.6 40.2 88.3 44.4 27.2 10.8 15.6 86.0 72.4 83.2 51.3 14.4 22.1 60.0 24.4 81.2 14.1 33.5 26.0 72.5 74.0 14.1 20.6 71.7 74.2 51.6 0.0 70.9 80.3 83.5 73.5 83.5 42.8 58.9 76.8 75.6 58.1 42.4 53.9 61.1 62.8 28.1 54.0 82.4 46.5 34.5 37.6 31.0 24.4 42.4 20.4 62.6 44.4 71.6 70.5 24.2 27.2 
78.4 30.5 74.7 84.0 47.5 42.2 47.4 12.8 54.0 96.2 20.9 100.4 58.0 81.7 85.0 31.2 19.0 74.0 19.7 69.3 83.2 85.9 69.4 18.4 65.1 95.6 75.1 8.2 25.3 58.2 60.0 54.0 8.0 76.9 70.9 0.0 53.0 51.9 54.0 88.6 32.0 101.0 74.2 88.3 23.4 90.7 57.6 15.2 8.2 68.0 30.5 66.3 24.7 93.7 78.1 58.1 61.0 90.7 70.3 90.4 92.2 58.0 87.9 46.8 58.0 
106.5 50.9 84.1 34.2 11.3 11.7 33.5 63.2 82.5 81.2 47.1 84.0 85.6 88.8 87.1 29.7 34.2 23.4 52.2 69.4 78.1 52.8 62.3 40.2 84.1 86.2 66.0 61.2 28.1 75.2 60.2 10.2 60.8 48.7 80.3 53.0 0.0 4.5 8.2 41.2 66.8 73.3 27.2 45.3 35.0 71.8 30.1 62.8 53.1 94.9 32.6 14.6 57.2 82.4 60.5 88.1 57.3 71.8 92.3 56.6 72.3 13.4 48.2 64.9 85.6 
108.8 52.5 87.4 37.6 7.2 12.8 36.9 62.8 84.4 85.5 44.4 88.3 87.7 92.2 90.8 26.7 33.0 26.8 52.8 73.0 82.0 57.3 66.1 38.0 86.8 90.4 70.0 60.2 26.7 77.8 63.6 14.6 59.7 53.1 83.5 51.9 4.5 0.0 12.6 44.9 67.9 77.8 31.2 49.5 35.6 76.2 34.2 62.6 52.8 97.1 34.1 17.9 58.1 86.6 64.8 90.0 60.8 76.2 94.8 61.1 76.7 17.9 52.5 67.2 87.7 
101.2 47.2 77.3 30.3 18.9 12.2 26.8 63.2 77.8 73.0 51.3 75.7 80.7 81.6 79.6 35.0 36.2 20.0 50.2 62.1 70.3 44.9 54.6 43.7 78.2 78.1 58.1 62.1 30.6 69.3 53.1 2.0 62.0 40.5 73.5 54.0 8.2 12.6 0.0 36.1 63.8 65.3 21.5 38.8 33.5 63.6 22.0 62.1 53.0 89.6 29.5 12.6 54.6 74.2 52.3 83.5 50.0 63.6 86.5 48.8 64.0 5.7 41.0 59.7 80.7 
117.6 73.8 86.3 8.9 52.2 48.1 47.5 96.0 98.4 63.9 87.3 64.6 100.2 87.9 82.8 70.7 71.8 18.4 80.4 69.3 70.5 27.9 59.4 79.7 93.2 72.5 59.7 96.3 66.5 85.4 64.4 35.4 96.5 32.8 83.5 88.6 41.2 44.9 36.1 0.0 90.7 46.2 14.6 10.2 66.0 53.9 35.4 94.1 86.0 107.1 60.0 27.2 83.2 68.0 48.8 103.8 60.0 53.9 101.6 28.6 53.1 31.0 16.5 79.6 100.2 
46.7 17.1 46.0 89.2 66.6 55.3 43.2 23.4 22.0 76.2 52.3 80.6 26.0 53.3 58.1 57.3 42.0 81.4 16.1 46.0 60.0 78.1 50.2 47.5 34.2 72.8 55.5 31.0 46.6 28.8 39.4 62.8 33.0 68.1 42.8 32.0 66.8 67.9 63.8 90.7 0.0 87.4 78.4 86.8 32.6 73.5 55.3 19.0 24.1 36.1 34.4 76.2 10.0 72.1 62.6 26.3 42.4 73.5 38.5 82.2 75.4 65.3 84.2 20.0 26.0 
94.6 74.3 59.7 54.0 84.1 73.2 54.0 102.9 84.0 22.8 108.9 21.3 84.0 57.6 50.2 96.8 90.6 58.9 85.0 46.0 37.9 20.9 38.2 100.4 72.4 32.8 34.0 106.7 87.7 68.0 48.7 63.5 107.7 25.6 58.9 101.0 73.3 77.8 65.3 46.2 87.4 0.0 51.0 36.1 78.4 16.5 46.9 99.3 95.0 86.8 71.2 64.6 84.3 28.8 24.7 88.0 45.1 16.5 79.2 18.1 14.6 59.9 30.0 69.1 84.0 
109.1 61.4 80.0 10.8 38.4 33.5 35.8 82.1 88.2 64.5 72.8 66.1 90.4 82.7 78.7 56.4 57.3 8.0 67.1 63.2 67.2 30.3 53.9 65.1 84.9 71.8 55.5 82.1 51.9 76.6 56.6 20.9 82.2 30.6 76.8 74.2 27.2 31.2 21.5 14.6 78.4 51.0 0.0 18.4 52.0 54.3 24.4 80.4 72.0 98.1 46.4 14.4 70.3 67.5 46.2 93.7 52.5 54.3 93.4 33.0 54.1 16.5 22.4 69.3 90.4 
110.5 70.3 78.1 18.1 56.6 50.1 44.0 94.5 92.5 53.9 89.4 54.4 94.0 79.2 73.8 73.8 72.8 25.1 78.0 61.2 61.2 17.9 51.2 81.4 86.1 62.6 50.9 95.7 68.0 78.7 57.3 37.7 96.1 24.1 75.6 88.3 45.3 49.5 38.8 10.2 86.8 36.1 18.4 0.0 65.1 43.9 32.0 92.2 84.9 100.2 58.5 32.8 80.1 58.1 39.7 97.7 52.8 43.9 94.3 18.4 43.1 33.3 6.3 74.0 94.0 
76.2 19.0 62.1 62.3 34.1 23.3 24.4 30.1 51.0 76.0 32.2 80.0 54.6 68.5 69.9 28.1 14.6 53.0 17.2 52.5 65.4 62.6 50.1 24.2 56.9 76.9 55.6 30.6 16.1 48.4 42.4 33.0 31.0 53.9 58.1 23.4 35.0 35.6 33.5 66.0 32.6 78.4 52.0 65.1 0.0 69.4 34.2 28.6 20.0 64.6 7.2 46.2 22.6 74.4 56.6 56.4 42.0 69.4 64.0 67.1 70.8 36.5 64.6 36.5 54.6 
78.1 62.1 43.2 60.2 81.6 69.1 46.0 91.0 68.3 10.2 101.2 12.2 68.0 41.2 34.0 91.3 82.8 62.3 73.2 30.1 21.5 26.0 23.4 92.8 56.1 18.9 18.4 95.6 81.0 52.2 34.2 61.6 96.8 24.0 42.4 90.7 71.8 76.2 63.6 53.9 73.5 16.5 54.3 43.9 69.4 0.0 42.4 87.1 84.0 70.5 62.5 66.0 71.7 14.4 12.8 72.0 31.3 0.0 62.8 26.1 2.0 58.9 37.6 54.4 68.0 
84.9 38.5 57.3 35.0 39.3 26.8 12.2 62.8 63.8 51.4 62.5 54.4 66.0 60.9 58.2 50.0 44.4 29.7 46.0 41.2 48.4 28.8 33.0 54.0 60.8 56.1 36.2 64.6 41.0 52.3 33.3 20.0 65.1 21.3 53.9 57.6 30.1 34.2 22.0 35.4 55.3 46.9 24.4 32.0 34.2 42.4 0.0 60.3 53.4 73.8 27.2 28.6 48.2 52.3 30.6 69.3 29.5 42.4 69.3 33.3 43.1 18.4 30.6 44.9 66.0 
64.0 25.1 64.5 90.8 59.4 51.3 48.7 4.5 40.4 91.2 36.1 95.6 44.4 71.7 76.0 45.3 31.2 81.6 14.6 62.2 76.4 86.8 64.4 33.3 53.1 89.1 70.0 12.2 37.2 47.4 54.0 61.6 14.1 77.2 61.1 15.2 62.8 62.6 62.1 94.1 19.0 99.3 80.4 92.2 28.6 87.1 60.3 0.0 10.0 54.1 34.1 74.7 15.6 87.9 75.2 44.0 56.0 87.1 57.3 91.2 88.8 65.1 90.8 37.2 44.4 
70.7 22.8 66.5 82.2 49.4 41.8 42.4 10.2 46.0 89.1 28.3 93.4 50.0 73.5 76.9 35.6 21.3 72.7 11.7 61.6 75.6 81.0 62.2 24.2 56.9 88.1 67.9 11.7 27.2 50.0 52.5 52.6 12.8 71.7 62.8 8.2 53.1 52.8 53.0 86.0 24.1 95.0 72.0 84.9 20.0 84.0 53.4 10.0 0.0 60.1 26.3 65.5 16.5 86.4 71.6 50.4 53.7 84.0 62.1 85.4 85.6 56.3 84.0 38.6 50.0 
11.7 45.7 28.1 108.4 97.5 84.4 63.7 58.3 14.1 68.0 88.4 72.1 10.2 33.0 40.8 91.8 76.7 103.3 51.0 41.2 50.0 86.2 50.6 83.2 14.6 60.5 53.4 66.3 80.3 21.6 42.9 88.1 68.3 77.0 28.1 68.0 94.9 97.1 89.6 107.1 36.1 86.8 98.1 100.2 64.6 70.5 73.8 54.1 60.1 0.0 63.5 100.5 44.7 62.1 64.6 10.2 47.4 70.5 8.2 89.2 72.4 89.2 95.7 30.0 10.2 
75.2 18.4 58.0 56.9 34.0 21.3 17.2 36.1 50.5 69.3 38.8 73.2 53.9 64.0 64.8 32.2 20.6 48.1 20.9 47.1 59.5 55.5 43.9 30.5 54.4 70.7 49.2 37.4 20.4 45.6 36.9 28.6 37.9 46.6 54.0 30.5 32.6 34.1 29.5 60.0 34.4 71.2 46.4 58.5 7.2 62.5 27.2 34.1 26.3 63.5 0.0 42.0 25.1 68.0 49.7 56.0 36.1 62.5 62.0 59.9 63.8 31.6 57.7 34.2 53.9 
111.9 59.4 85.9 19.7 25.1 24.1 36.9 75.7 89.2 76.0 61.6 78.1 91.9 89.6 86.6 44.3 48.0 8.9 62.8 69.9 76.2 43.7 61.4 54.6 88.4 82.4 64.0 74.4 42.0 79.6 61.8 13.4 74.2 42.0 82.4 66.3 14.6 17.9 12.6 27.2 76.2 64.6 14.4 32.8 46.2 66.0 28.6 74.7 65.5 100.5 42.0 0.0 67.1 78.2 56.3 94.8 58.1 66.0 96.8 46.8 66.1 11.3 36.7 70.7 91.9 
55.8 10.2 50.2 81.0 56.6 45.6 36.1 19.8 30.6 75.6 44.0 80.0 34.5 57.3 61.1 47.5 32.3 72.8 6.3 46.7 60.8 73.0 48.8 38.5 40.4 73.5 54.4 26.1 36.7 33.5 38.4 53.7 27.8 63.2 46.5 24.7 57.2 58.1 54.6 83.2 10.0 84.3 70.3 80.1 22.6 71.7 48.2 15.6 16.5 44.7 25.1 67.1 0.0 72.2 59.9 35.4 40.5 71.7 46.0 77.3 73.4 56.5 78.0 22.4 34.5 
68.3 63.7 34.1 74.0 91.4 78.1 53.1 92.0 62.6 6.3 106.7 10.0 61.6 30.3 22.4 98.8 88.6 75.3 75.0 26.1 12.6 40.2 24.4 98.5 48.7 4.5 18.9 97.6 87.7 46.8 33.9 72.2 99.0 36.9 34.5 93.7 82.4 86.6 74.2 68.0 72.1 28.8 67.5 58.1 74.4 14.4 52.3 87.9 86.4 62.1 68.0 78.2 72.2 0.0 22.0 65.5 32.8 14.4 54.0 40.5 15.6 70.0 51.9 52.2 61.6 
73.5 50.1 39.4 53.7 69.9 56.9 33.3 78.9 60.1 20.9 88.4 24.2 60.5 39.7 34.1 78.7 70.0 53.9 61.1 23.4 21.6 22.8 14.1 80.0 50.0 26.1 11.7 83.2 68.3 44.4 24.1 50.4 84.4 16.1 37.6 78.1 60.5 64.8 52.3 48.8 62.6 24.7 46.2 39.7 56.6 12.8 30.6 75.2 71.6 64.6 49.7 56.3 59.9 22.0 0.0 64.5 20.4 12.8 57.6 25.1 14.1 48.0 33.9 44.4 60.5 
20.4 37.7 32.3 104.3 89.9 77.2 58.4 48.2 5.7 71.0 78.6 75.3 4.0 38.5 45.7 82.9 67.7 98.4 41.8 42.0 53.0 84.9 50.4 73.8 17.1 64.6 54.0 56.1 71.7 20.1 41.2 82.0 58.1 75.3 31.0 58.1 88.1 90.0 83.5 103.8 26.3 88.0 93.7 97.7 56.4 72.0 69.3 44.0 50.4 10.2 56.0 94.8 35.4 65.5 64.5 0.0 45.6 72.0 15.6 88.3 74.0 83.5 93.6 24.4 4.0 
57.7 31.2 27.8 62.2 64.1 50.0 24.1 60.0 40.8 35.4 74.2 39.7 41.8 31.6 30.1 67.9 56.5 58.8 42.5 12.2 23.4 39.3 8.5 66.2 33.3 35.0 14.1 65.1 56.3 26.0 4.5 48.1 66.5 29.7 24.4 61.0 57.3 60.8 50.0 60.0 42.4 45.1 52.5 52.8 42.0 31.3 29.5 56.0 53.7 47.4 36.1 58.1 40.5 32.8 20.4 45.6 0.0 31.3 41.6 42.8 33.1 47.5 48.3 24.1 41.8 
78.1 62.1 43.2 60.2 81.6 69.1 46.0 91.0 68.3 10.2 101.2 12.2 68.0 41.2 34.0 91.3 82.8 62.3 73.2 30.1 21.5 26.0 23.4 92.8 56.1 18.9 18.4 95.6 81.0 52.2 34.2 61.6 96.8 24.0 42.4 90.7 71.8 76.2 63.6 53.9 73.5 16.5 54.3 43.9 69.4 0.0 42.4 87.1 84.0 70.5 62.5 66.0 71.7 14.4 12.8 72.0 31.3 0.0 62.8 26.1 2.0 58.9 37.6 54.4 68.0 
16.1 45.1 20.0 103.5 95.9 82.3 60.0 61.6 17.1 60.0 90.0 64.0 13.4 24.7 32.6 91.8 76.9 99.0 52.0 34.2 42.0 79.6 43.9 84.2 8.5 52.3 46.2 69.4 80.0 17.2 37.2 84.9 71.4 70.7 20.4 70.3 92.3 94.8 86.5 101.6 38.5 79.2 93.4 94.3 64.0 62.8 69.3 57.3 62.1 8.2 62.0 96.8 46.0 54.0 57.6 15.6 41.6 62.8 0.0 82.5 64.8 85.6 89.6 27.9 13.4 
98.5 67.1 64.5 36.1 67.7 58.0 43.1 94.3 83.5 35.8 95.6 36.1 84.4 64.4 58.1 82.0 77.7 40.8 76.7 48.3 45.3 4.5 38.6 87.2 74.7 44.9 36.7 96.9 74.0 68.4 47.1 47.2 97.7 14.1 62.6 90.4 56.6 61.1 48.8 28.6 82.2 18.1 33.0 18.4 67.1 26.1 33.3 91.2 85.4 89.2 59.9 46.8 77.3 40.5 25.1 88.3 42.8 26.1 82.5 0.0 25.1 43.3 12.2 66.3 84.4 
80.0 63.8 45.1 59.7 82.2 69.9 47.2 92.6 70.3 10.8 102.4 12.0 70.0 43.1 35.8 92.3 84.0 62.1 74.9 32.1 23.4 25.3 25.3 94.0 58.1 20.0 20.4 97.2 82.1 54.1 36.1 62.1 98.4 24.1 44.4 92.2 72.3 76.7 64.0 53.1 75.4 14.6 54.1 43.1 70.8 2.0 43.1 88.8 85.6 72.4 63.8 66.1 73.4 15.6 14.1 74.0 33.1 2.0 64.8 25.1 0.0 59.2 36.8 56.3 70.0 
100.7 48.4 75.2 26.0 24.4 17.1 25.6 66.5 77.9 68.5 56.5 71.0 80.6 79.1 76.7 40.5 40.8 16.5 52.5 59.5 66.8 39.4 51.4 48.7 77.2 74.0 54.6 66.0 35.4 68.4 51.0 4.5 66.0 35.4 71.6 58.0 13.4 17.9 5.7 31.0 65.3 59.9 16.5 33.3 36.5 58.9 18.4 65.1 56.3 89.2 31.6 11.3 56.5 70.0 48.0 83.5 47.5 58.9 85.6 43.3 59.2 0.0 35.4 59.4 80.6 
105.7 68.0 72.8 24.0 59.5 51.6 42.2 93.4 88.5 47.5 90.6 48.1 89.9 73.6 67.9 75.6 73.3 29.7 76.4 56.0 55.3 11.7 46.0 82.4 81.4 56.4 45.3 95.1 69.0 74.3 52.8 39.7 95.6 18.9 70.5 87.9 48.2 52.5 41.0 16.5 84.2 30.0 22.4 6.3 64.6 37.6 30.6 90.8 84.0 95.7 57.7 36.7 78.0 51.9 33.9 93.6 48.3 37.6 89.6 12.2 36.8 35.4 0.0 70.3 89.9 
41.6 18.0 27.9 79.9 68.0 54.6 34.1 41.6 18.9 56.4 64.8 60.8 21.3 34.9 38.8 64.5 50.0 74.0 27.2 26.1 40.0 62.5 31.0 58.1 20.4 52.8 36.1 48.4 52.6 12.0 20.4 58.1 50.1 52.6 24.2 46.8 64.9 67.2 59.7 79.6 20.0 69.1 69.3 74.0 36.5 54.4 44.9 37.2 38.6 30.0 34.2 70.7 22.4 52.2 44.4 24.4 24.1 54.4 27.9 66.3 56.3 59.4 70.3 0.0 21.3 
21.5 35.8 28.6 101.0 87.8 74.9 55.3 48.7 4.0 67.1 78.2 71.4 0.0 35.0 42.0 81.6 66.5 95.3 40.8 38.0 49.0 81.0 46.4 73.0 13.4 60.7 50.0 56.6 70.2 16.1 37.4 79.2 58.5 71.5 27.2 58.0 85.6 87.7 80.7 100.2 26.0 84.0 90.4 94.0 54.6 68.0 66.0 44.4 50.0 10.2 53.9 91.9 34.5 61.6 60.5 4.0 41.8 68.0 13.4 84.4 70.0 80.6 89.9 21.3 0.0 

Routes: 
Route: 0 2 13 14 19 25 26 34 0 | Demand: 89.0| Cost: 248.4
Route: 0 5 31 36 4 37 38 15 46 0 | Demand: 99.0| Cost: 799.8
Route: 0 12 10 23 16 28 35 50 40 0 | Demand: 100.0| Cost: 304.4
Route: 0 20 41 21 59 60 45 0 | Demand: 99.0| Cost: 339.2
Route: 0 22 54 9 11 57 53 0 | Demand: 99.0| Cost: 314.1
Route: 0 24 29 8 64 55 0 | Demand: 92.0| Cost: 192.5
Route: 0 30 1 18 6 44 52 56 58 0 | Demand: 100.0| Cost: 654.0
Route: 0 33 3 39 17 43 42 51 62 61 0 | Demand: 99.0| Cost: 556.0
Route: 0 49 47 7 27 32 48 65 63 0 | Demand: 100.0| Cost: 205.8

Total cost: 3614.2
Execution time: 0.005

