ClarkeWright Sequential: 
 
Distance Matrix: 
0.0 130.1 8.5 95.6 52.0 34.2 101.6 63.6 105.0 74.7 41.2 74.0 127.8 84.9 98.8 86.0 103.5 87.9 69.6 26.1 123.4 107.1 97.0 76.6 47.7 66.0 102.1 127.8 84.1 78.7 104.4 98.1 28.4 83.2 117.6 89.2 66.5 66.5 62.8 30.5 52.2 88.4 45.7 45.7 31.1 102.8 94.5 20.0 36.1 63.2 72.8 71.4 63.6 52.8 88.0 105.8 85.5 106.1 56.0 82.9 76.0 84.4 68.8 46.2 
130.1 0.0 121.7 64.0 83.8 100.4 72.2 75.2 26.1 82.5 90.9 57.7 14.4 50.2 39.3 92.1 28.6 42.5 75.9 112.1 10.0 32.2 70.1 70.3 84.4 92.3 33.5 8.9 86.6 61.4 54.1 62.0 101.8 80.4 26.7 60.8 80.3 78.0 77.0 100.5 80.4 86.0 88.8 86.8 99.0 33.0 80.0 110.5 99.3 77.8 74.0 82.5 84.8 83.4 62.5 50.2 78.2 24.4 98.1 82.4 91.8 51.0 62.8 92.3 
8.5 121.7 0.0 88.3 44.3 26.7 94.8 55.7 96.5 68.1 33.1 65.6 119.3 76.6 90.6 80.1 95.0 79.4 62.1 20.4 115.0 98.8 89.8 69.0 39.4 60.1 93.7 119.3 78.0 70.7 96.8 90.7 20.0 76.4 109.3 81.6 59.2 59.2 55.0 22.4 43.9 82.0 37.9 37.6 22.6 94.4 88.1 11.7 28.6 55.8 65.5 64.5 56.6 44.9 80.3 98.1 78.6 97.6 50.2 76.2 70.3 76.2 60.5 38.8 
95.6 64.0 88.3 0.0 44.4 80.2 11.3 73.3 43.7 24.1 56.3 56.0 72.7 62.2 27.2 108.2 57.3 41.2 80.6 90.0 54.0 32.1 96.2 80.4 67.5 35.4 33.0 56.3 23.4 71.2 11.7 2.8 70.5 96.0 74.0 8.9 83.2 29.1 75.2 66.8 66.5 104.4 50.6 52.2 70.1 63.5 16.1 80.6 80.4 32.6 22.8 89.6 85.9 73.4 82.1 15.2 95.6 53.1 94.9 97.7 30.5 26.9 38.6 80.0 
52.0 83.8 44.3 44.4 0.0 37.9 52.0 43.9 57.7 27.9 12.0 38.1 85.1 50.0 48.2 80.4 61.4 42.0 52.8 46.4 75.6 56.6 77.8 56.5 29.7 25.5 52.3 79.6 39.4 51.4 52.5 46.7 26.1 70.7 78.6 37.4 53.3 16.1 44.9 22.4 31.2 78.9 6.3 8.2 26.1 63.6 47.1 36.2 38.6 12.0 22.0 60.5 54.0 38.2 64.0 53.9 71.6 61.7 58.4 71.7 34.4 33.9 21.5 41.6 
34.2 100.4 26.7 80.2 37.9 0.0 89.1 29.5 76.9 65.8 26.8 42.8 96.2 52.3 74.7 54.9 72.5 59.9 35.4 11.7 95.0 82.2 63.2 42.4 16.1 61.8 76.6 99.5 77.3 44.9 86.1 82.1 17.2 50.0 85.0 72.0 32.6 53.9 28.6 21.3 20.0 56.1 33.1 29.7 14.1 70.7 84.9 16.0 2.0 49.5 59.2 38.1 30.1 18.9 53.9 86.4 52.2 76.0 26.0 50.0 71.6 61.2 44.7 12.2 
101.6 72.2 94.8 11.3 52.0 89.1 0.0 84.1 53.9 27.2 64.0 67.2 82.0 73.5 37.6 119.3 68.0 52.5 91.6 98.3 62.3 41.2 107.5 91.6 77.2 37.6 43.1 64.0 21.3 82.5 18.1 11.7 78.0 107.2 84.3 20.0 94.0 36.0 85.9 74.0 76.6 115.6 58.0 60.1 78.1 74.4 10.0 88.0 89.4 40.0 30.1 100.5 96.6 83.6 93.4 22.1 106.8 63.6 105.1 108.8 30.0 38.2 49.2 89.8 
63.6 75.2 55.7 73.3 43.9 29.5 84.1 0.0 54.9 67.9 39.3 20.0 68.8 25.1 58.3 36.9 46.5 40.0 8.9 40.0 71.5 64.0 36.1 14.0 18.0 68.8 58.0 75.9 79.2 15.6 75.3 74.3 40.2 26.8 56.6 64.4 10.0 55.2 2.0 42.0 14.1 35.0 43.1 38.6 36.2 43.3 83.2 44.3 27.8 51.0 58.1 17.0 12.6 10.8 24.7 74.2 27.9 51.3 24.1 27.8 76.6 48.1 35.0 18.4 
105.0 26.1 96.5 43.7 57.7 76.9 53.9 54.9 0.0 58.3 65.1 35.4 30.1 32.1 16.5 80.0 15.6 17.2 58.0 88.6 18.4 14.1 61.7 54.1 60.8 67.5 10.8 22.8 64.1 44.0 36.7 42.4 76.6 67.5 30.5 38.2 62.1 52.5 56.9 75.0 57.3 74.7 62.8 61.0 74.0 22.8 59.7 85.6 76.0 52.0 49.0 66.0 66.3 61.4 50.0 33.3 66.0 10.0 78.9 69.4 68.1 25.3 36.9 70.2 
74.7 82.5 68.1 24.1 27.9 65.8 27.2 67.9 58.3 0.0 39.3 55.6 88.4 65.4 43.2 104.7 68.3 48.7 76.4 73.8 72.8 50.6 97.8 78.4 56.6 11.3 49.0 75.9 11.7 71.0 35.4 26.9 52.6 93.7 86.2 22.4 77.8 12.8 69.3 48.4 57.2 102.2 33.0 36.1 53.4 73.0 20.0 62.3 66.5 17.2 10.8 84.9 79.4 64.4 83.4 38.4 94.0 66.0 85.4 95.0 10.2 34.1 35.0 69.0 
41.2 90.9 33.1 56.3 12.0 26.8 64.0 39.3 65.1 39.3 0.0 39.3 90.6 51.4 57.7 74.2 66.2 48.4 48.1 34.5 83.5 66.0 75.0 53.0 22.4 35.0 61.2 87.7 50.6 50.0 64.0 58.5 14.1 65.8 82.5 49.0 47.5 28.1 39.8 10.8 25.3 73.5 6.3 4.5 14.1 67.2 58.9 24.3 27.8 24.0 34.0 54.6 47.4 31.3 62.1 65.1 67.1 67.7 49.5 66.5 44.7 43.3 28.3 32.6 
74.0 57.7 65.6 56.0 38.1 42.8 67.2 20.0 35.4 55.6 39.3 0.0 53.8 12.2 38.5 52.2 29.7 20.0 25.3 54.4 52.8 44.0 42.2 24.4 26.9 59.5 38.0 57.3 66.0 15.6 56.5 56.6 46.6 40.0 43.9 47.2 28.6 43.9 22.0 46.5 22.8 48.4 40.2 36.5 43.3 28.8 67.9 54.0 41.6 40.5 44.9 34.2 32.2 26.0 27.8 55.0 39.7 33.3 44.0 41.6 65.3 29.5 20.6 34.9 
127.8 14.4 119.3 72.7 85.1 96.2 82.0 68.8 30.1 88.4 90.6 53.8 0.0 44.0 46.0 80.9 24.4 43.1 68.0 107.6 21.6 40.8 58.1 61.7 80.6 97.3 40.0 22.6 94.0 53.9 64.0 71.0 100.0 69.9 14.1 68.0 72.5 82.0 70.5 99.3 76.4 74.7 89.4 86.8 96.8 25.6 88.8 107.8 94.8 81.0 78.9 73.5 76.9 78.1 52.5 60.2 67.5 23.4 90.4 71.8 98.2 54.9 63.6 86.8 
84.9 50.2 76.6 62.2 50.0 52.3 73.5 25.1 32.1 65.4 51.4 12.2 44.0 0.0 40.2 48.7 21.5 21.6 26.3 63.7 47.1 43.7 33.9 22.1 37.2 70.3 37.9 51.4 75.2 12.0 60.5 62.3 58.1 36.1 32.8 53.8 30.6 54.4 26.8 58.3 32.8 43.9 52.3 48.7 54.6 18.4 75.6 64.9 50.9 51.4 54.6 34.0 34.9 34.1 20.0 58.3 34.9 26.7 48.1 37.9 75.4 35.4 31.0 42.8 
98.8 39.3 90.6 27.2 48.2 74.7 37.6 58.3 16.5 43.2 57.7 38.5 46.0 40.2 0.0 88.8 30.5 19.0 63.6 86.0 29.7 8.5 73.2 61.4 59.2 53.1 6.0 33.1 48.0 51.3 21.3 26.0 70.7 76.2 46.8 22.0 67.1 39.4 60.3 68.3 56.6 84.1 54.0 53.3 68.9 37.2 43.2 80.5 74.2 40.0 34.9 72.3 70.7 62.1 60.0 18.4 75.2 26.0 82.1 78.0 52.6 14.4 30.5 70.5 
86.0 92.1 80.1 108.2 80.4 54.9 119.3 36.9 80.0 104.7 74.2 52.2 80.9 48.7 88.8 0.0 66.5 69.9 28.3 60.0 92.2 92.3 23.4 27.8 51.9 105.6 86.6 96.1 116.0 37.6 108.2 108.8 70.9 12.6 66.8 99.3 27.2 92.0 35.6 74.0 49.4 6.3 78.9 74.4 67.1 60.1 119.3 70.7 53.0 87.9 94.8 20.0 26.8 42.9 30.3 106.5 14.1 72.7 30.0 10.8 113.5 81.6 70.9 43.7 
103.5 28.6 95.0 57.3 61.4 72.5 68.0 46.5 15.6 68.3 66.2 29.7 24.4 21.5 30.5 66.5 0.0 20.1 47.5 84.0 26.1 29.7 46.8 42.4 56.6 76.0 25.6 30.3 75.7 33.0 51.6 56.4 75.6 54.1 18.0 50.6 51.9 60.1 48.3 74.9 52.5 60.8 65.4 62.6 72.5 7.2 72.8 83.5 71.2 58.5 58.0 54.6 56.3 54.9 36.2 48.4 52.3 6.3 69.6 56.1 78.4 34.2 39.8 63.8 
87.9 42.5 79.4 41.2 42.0 59.9 52.5 40.0 17.2 48.7 48.4 20.0 43.1 21.6 19.0 69.9 20.1 0.0 44.7 71.6 35.6 24.0 55.3 42.4 43.9 56.0 18.0 40.0 56.9 32.3 38.8 41.0 59.5 57.3 38.1 33.3 48.4 40.0 42.0 58.0 40.5 65.3 46.6 44.4 56.9 24.3 55.6 68.4 59.1 38.5 38.2 53.4 52.2 45.1 41.6 36.7 56.4 19.7 64.0 59.1 58.9 15.2 20.6 53.9 
69.6 75.9 62.1 80.6 52.8 35.4 91.6 8.9 58.0 76.4 48.1 25.3 68.0 26.3 63.6 28.3 47.5 44.7 0.0 44.7 73.3 68.5 28.1 7.2 26.3 77.7 62.5 77.7 87.7 14.6 81.7 81.4 48.0 17.9 54.9 71.7 4.5 63.8 8.2 50.2 22.8 26.1 52.0 47.5 44.0 43.1 91.2 51.0 33.5 59.7 66.5 8.9 8.9 18.0 18.9 80.3 19.0 53.0 22.4 18.9 85.3 54.6 42.8 23.4 
26.1 112.1 20.4 90.0 46.4 11.7 98.3 40.0 88.6 73.8 34.5 54.4 107.6 63.7 86.0 60.0 84.0 71.6 44.7 0.0 106.7 93.6 71.5 51.9 27.8 68.4 88.0 111.1 84.9 55.6 96.5 92.0 21.5 57.3 96.2 82.1 41.2 62.5 38.8 26.0 31.6 62.3 40.8 38.2 20.4 82.1 93.4 14.1 12.8 58.3 68.3 45.6 37.9 29.7 63.5 97.0 59.7 87.7 30.0 56.9 78.4 72.3 55.8 21.6 
123.4 10.0 115.0 54.0 75.6 95.0 62.3 71.5 18.4 72.8 83.5 52.8 21.6 47.1 29.7 92.2 26.1 35.6 73.3 106.7 0.0 22.4 71.4 68.5 78.9 82.9 24.2 4.5 76.7 58.9 44.2 52.0 95.0 80.0 30.5 51.0 77.7 68.9 73.4 93.4 75.2 86.4 80.9 79.2 92.5 32.1 70.0 104.0 94.0 69.0 64.6 80.6 82.0 78.8 62.0 40.2 78.1 20.4 95.1 82.0 82.0 42.2 55.2 87.7 
107.1 32.2 98.8 32.1 56.6 82.2 41.2 64.0 14.1 50.6 66.0 44.0 40.8 43.7 8.5 92.3 29.7 24.0 68.5 93.6 22.4 0.0 75.2 65.5 66.5 60.9 6.0 25.3 54.3 55.3 23.4 30.3 78.9 79.7 43.9 28.6 72.2 47.7 66.0 76.6 63.6 87.3 62.5 61.6 76.9 36.9 48.2 88.6 81.6 48.4 42.9 76.9 76.1 68.7 62.8 19.7 78.4 24.1 88.0 81.6 59.7 22.8 38.5 77.3 
97.0 70.1 89.8 96.2 77.8 63.2 107.5 36.1 61.7 97.8 75.0 42.2 58.1 33.9 73.2 23.4 46.8 55.3 28.1 71.5 71.4 75.2 0.0 22.1 54.0 101.1 70.0 75.0 108.2 26.8 94.0 96.2 76.0 15.6 44.0 87.7 30.6 85.9 36.0 78.0 50.2 17.1 78.1 73.8 72.0 39.8 109.3 78.9 61.2 82.3 87.1 26.0 33.5 46.0 14.4 91.6 12.8 53.1 43.9 17.0 107.4 69.3 62.8 51.0 
76.6 70.3 69.0 80.4 56.5 42.4 91.6 14.0 54.1 78.4 53.0 24.4 61.7 22.1 61.4 27.8 42.4 42.4 7.2 51.9 68.5 65.5 22.1 0.0 32.0 80.6 59.7 72.7 89.4 10.2 80.5 81.0 54.1 15.6 48.4 71.6 11.3 66.0 14.1 56.0 28.1 24.1 56.3 51.9 50.2 37.4 92.0 57.7 40.5 62.1 68.1 12.2 15.6 24.3 11.7 78.8 15.6 48.2 28.8 17.2 87.7 53.9 43.9 30.5 
47.7 84.4 39.4 67.5 29.7 16.1 77.2 18.0 60.8 56.6 22.4 26.9 80.6 37.2 59.2 51.9 56.6 43.9 26.3 27.8 78.9 66.5 54.0 32.0 0.0 55.2 60.7 83.4 68.3 31.6 72.1 69.1 22.4 43.7 70.0 58.9 25.3 43.9 18.1 24.0 4.5 51.3 27.2 22.8 18.4 55.3 74.3 27.8 15.2 39.4 48.3 32.3 25.1 8.9 42.4 72.0 45.1 60.0 28.8 44.3 64.0 46.2 30.0 12.6 
66.0 92.3 60.1 35.4 25.5 61.8 37.6 68.8 67.5 11.3 35.0 59.5 97.3 70.3 53.1 105.6 76.0 56.0 77.7 68.4 82.9 60.9 101.1 80.6 55.2 0.0 58.8 86.2 18.1 74.3 46.7 38.2 46.8 95.4 94.0 33.3 78.4 16.1 70.0 42.4 56.6 103.7 28.8 32.8 48.3 80.1 29.1 55.8 62.8 19.0 18.4 85.6 79.4 63.7 86.9 49.7 96.0 74.4 83.7 96.5 10.2 42.4 39.3 66.8 
102.1 33.5 93.7 33.0 52.3 76.6 43.1 58.0 10.8 49.0 61.2 38.0 40.0 37.9 6.0 86.6 25.6 18.0 62.5 88.0 24.2 6.0 70.0 59.7 60.7 58.8 0.0 27.8 54.0 49.5 26.1 31.6 73.8 74.0 41.2 28.0 66.3 44.7 60.0 71.6 57.7 81.7 58.0 56.9 71.7 32.6 49.0 83.4 75.9 44.9 40.5 71.0 70.1 62.8 57.3 22.8 72.8 20.6 82.0 75.9 58.5 18.4 33.3 71.4 
127.8 8.9 119.3 56.3 79.6 99.5 64.0 75.9 22.8 75.9 87.7 57.3 22.6 51.4 33.1 96.1 30.3 40.0 77.7 111.1 4.5 25.3 75.0 72.7 83.4 86.2 27.8 0.0 79.2 63.2 46.0 54.1 99.4 84.0 33.1 53.9 82.0 72.5 77.8 97.7 79.6 90.2 85.0 83.5 96.8 36.0 72.1 108.4 98.5 72.7 68.0 84.9 86.3 83.3 66.0 42.0 82.0 24.7 99.5 86.0 84.9 46.0 59.4 92.2 
84.1 86.6 78.0 23.4 39.4 77.3 21.3 79.2 64.1 11.7 50.6 66.0 94.0 75.2 48.0 116.0 75.7 56.9 87.7 84.9 76.7 54.3 108.2 89.4 68.3 18.1 54.0 79.2 0.0 81.6 34.9 26.0 63.6 104.8 93.4 26.0 89.2 24.4 80.7 59.2 68.8 113.3 44.3 47.5 64.6 81.0 11.7 73.0 78.0 28.8 21.3 96.2 90.9 76.0 93.7 38.6 105.0 72.7 97.1 106.2 8.9 41.8 45.6 80.6 
78.7 61.4 70.7 71.2 51.4 44.9 82.5 15.6 44.0 71.0 50.0 15.6 53.9 12.0 51.3 37.6 33.0 32.3 14.6 55.6 58.9 55.3 26.8 10.2 31.6 74.3 49.5 63.2 81.6 0.0 70.7 71.6 53.9 25.1 41.2 62.5 19.0 59.1 17.0 54.9 27.2 33.3 52.3 48.2 50.0 28.6 83.5 59.1 43.3 55.5 60.5 22.0 23.4 26.1 12.6 68.9 24.4 38.5 36.8 26.8 80.6 44.4 36.1 34.1 
104.4 54.1 96.8 11.7 52.5 86.1 18.1 75.3 36.7 35.4 64.0 56.5 64.0 60.5 21.3 108.2 51.6 38.8 81.7 96.5 44.2 23.4 94.0 80.5 72.1 46.7 26.1 46.0 34.9 70.7 0.0 8.9 78.1 95.8 67.1 15.2 84.8 38.5 77.2 74.7 70.5 103.9 58.8 59.7 77.3 58.4 26.3 88.3 86.0 41.2 32.2 90.6 87.9 76.9 80.4 4.0 95.0 46.6 98.1 97.5 42.2 27.2 42.2 84.4 
98.1 62.0 90.7 2.8 46.7 82.1 11.7 74.3 42.4 26.9 58.5 56.6 71.0 62.3 26.0 108.8 56.4 41.0 81.4 92.0 52.0 30.3 96.2 81.0 69.1 38.2 31.6 54.1 26.0 71.6 8.9 0.0 72.7 96.5 72.8 10.2 84.1 31.6 76.2 69.1 67.9 104.9 53.0 54.3 72.2 62.8 18.0 82.9 82.2 34.9 25.3 90.4 86.9 74.7 82.2 12.6 96.0 52.0 96.2 98.2 33.3 27.2 39.8 81.6 
28.4 101.8 20.0 70.5 26.1 17.2 78.0 40.2 76.6 52.6 14.1 46.6 100.0 58.1 70.7 70.9 75.6 59.5 48.0 21.5 95.0 78.9 76.0 54.1 22.4 46.8 73.8 99.4 63.6 53.9 78.1 72.7 0.0 64.5 90.6 63.2 46.2 42.0 40.0 4.5 26.7 71.4 20.0 18.4 4.0 75.5 72.4 10.2 18.9 38.1 48.0 52.6 44.7 30.0 64.8 79.1 66.3 77.9 42.9 64.8 56.9 56.4 40.5 27.2 
83.2 80.4 76.4 96.0 70.7 50.0 107.2 26.8 67.5 93.7 65.8 40.0 69.9 36.1 76.2 12.6 54.1 57.3 17.9 57.3 80.0 79.7 15.6 15.6 43.7 95.4 74.0 84.0 104.8 25.1 95.8 96.5 64.5 0.0 55.8 87.2 18.4 81.2 26.0 67.1 40.5 8.5 69.9 65.4 60.5 48.0 107.6 66.0 48.0 77.2 83.5 12.0 20.0 34.9 18.0 93.9 2.8 60.3 28.6 2.0 102.8 69.3 59.4 38.0 
117.6 26.7 109.3 74.0 78.6 85.0 84.3 56.6 30.5 86.2 82.5 43.9 14.1 32.8 46.8 66.8 18.0 38.1 54.9 96.2 30.5 43.9 44.0 48.4 70.0 94.0 41.2 33.1 93.4 41.2 67.1 72.8 90.6 55.8 0.0 67.9 59.4 78.1 58.1 90.4 65.6 60.5 82.2 79.1 87.1 15.2 89.8 97.7 83.5 76.4 76.0 59.9 63.8 66.5 38.6 63.5 53.4 20.9 77.2 57.7 96.3 52.2 57.3 75.0 
89.2 60.8 81.6 8.9 37.4 72.0 20.0 64.4 38.2 22.4 49.0 47.2 68.0 53.8 22.0 99.3 50.6 33.3 71.7 82.1 51.0 28.6 87.7 71.6 58.9 33.3 28.0 53.9 26.0 62.5 15.2 10.2 63.2 87.2 67.9 0.0 74.2 23.3 66.2 59.7 57.7 95.6 43.7 44.7 62.5 56.5 22.4 73.3 72.1 26.0 17.2 80.6 77.0 64.6 73.5 17.2 86.8 47.1 86.0 88.8 31.0 18.4 29.7 71.4 
66.5 80.3 59.2 83.2 53.3 32.6 94.0 10.0 62.1 77.8 47.5 28.6 72.5 30.6 67.1 27.2 51.9 48.4 4.5 41.2 77.7 72.2 30.6 11.3 25.3 78.4 66.3 82.0 89.2 19.0 84.8 84.1 46.2 18.4 59.4 74.2 0.0 65.1 8.5 48.7 22.4 26.0 51.9 47.4 42.2 47.5 93.2 48.4 30.6 60.8 68.1 7.2 4.5 16.5 22.8 83.5 20.1 57.3 17.9 19.0 86.4 57.6 44.9 20.4 
66.5 78.0 59.2 29.1 16.1 53.9 36.0 55.2 52.5 12.8 28.1 43.9 82.0 54.4 39.4 92.0 60.1 40.0 63.8 62.5 68.9 47.7 85.9 66.0 43.9 16.1 44.7 72.5 24.4 59.1 38.5 31.6 42.0 81.2 78.1 23.3 65.1 0.0 56.6 38.1 44.4 89.6 22.0 24.3 42.2 64.0 31.0 52.0 54.4 4.5 6.3 72.1 66.6 51.6 71.6 40.5 81.6 58.9 72.7 82.5 21.6 27.2 23.4 56.4 
62.8 77.0 55.0 75.2 44.9 28.6 85.9 2.0 56.9 69.3 39.8 22.0 70.5 26.8 60.3 35.6 48.3 42.0 8.2 38.8 73.4 66.0 36.0 14.1 18.1 70.0 60.0 77.8 80.7 17.0 77.2 76.2 40.0 26.0 58.1 66.2 8.5 56.6 0.0 42.0 14.6 34.0 43.9 39.4 36.1 44.9 84.9 43.7 26.8 52.3 59.7 15.6 10.8 10.2 25.3 76.2 27.2 53.1 22.1 26.8 77.9 50.0 36.7 17.2 
30.5 100.5 22.4 66.8 22.4 21.3 74.0 42.0 75.0 48.4 10.8 46.5 99.3 58.3 68.3 74.0 74.9 58.0 50.2 26.0 93.4 76.6 78.0 56.0 24.0 42.4 71.6 97.7 59.2 54.9 74.7 69.1 4.5 67.1 90.4 59.7 48.7 38.1 42.0 0.0 28.1 74.2 16.1 15.2 7.2 75.2 68.3 14.0 22.8 34.2 44.2 55.3 47.5 32.2 66.3 75.9 68.7 76.8 46.6 67.5 52.5 53.9 38.4 30.5 
52.2 80.4 43.9 66.5 31.2 20.0 76.6 14.1 57.3 57.2 25.3 22.8 76.4 32.8 56.6 49.4 52.5 40.5 22.8 31.6 75.2 63.6 50.2 28.1 4.5 56.6 57.7 79.6 68.8 27.2 70.5 67.9 26.7 40.5 65.6 57.7 22.4 44.4 14.6 28.1 0.0 48.3 29.5 25.1 22.8 51.0 74.2 32.2 18.9 40.0 48.4 29.5 22.8 7.2 38.2 70.1 41.8 56.0 28.6 41.2 65.1 44.0 28.3 14.0 
88.4 86.0 82.0 104.4 78.9 56.1 115.6 35.0 74.7 102.2 73.5 48.4 74.7 43.9 84.1 6.3 60.8 65.3 26.1 62.3 86.4 87.3 17.1 24.1 51.3 103.7 81.7 90.2 113.3 33.3 103.9 104.9 71.4 8.5 60.5 95.6 26.0 89.6 34.0 74.2 48.3 0.0 77.8 73.3 67.5 54.3 116.1 72.1 54.1 85.6 92.0 19.0 26.7 42.4 24.7 102.0 8.9 67.1 32.6 7.2 111.2 77.7 67.9 44.4 
45.7 88.8 37.9 50.6 6.3 33.1 58.0 43.1 62.8 33.0 6.3 40.2 89.4 52.3 54.0 78.9 65.4 46.6 52.0 40.8 80.9 62.5 78.1 56.3 27.2 28.8 58.0 85.0 44.3 52.3 58.8 53.0 20.0 69.9 82.2 43.7 51.9 22.0 43.9 16.1 29.5 77.8 0.0 4.5 20.4 67.1 52.6 30.1 34.0 18.1 28.1 59.1 52.2 36.1 64.8 60.2 70.9 66.2 55.2 70.7 38.5 39.7 26.1 38.2 
45.7 86.8 37.6 52.2 8.2 29.7 60.1 38.6 61.0 36.1 4.5 36.5 86.8 48.7 53.3 74.4 62.6 44.4 47.5 38.2 79.2 61.6 73.8 51.9 22.8 32.8 56.9 83.5 47.5 48.2 59.7 54.3 18.4 65.4 79.1 44.7 47.4 24.3 39.4 15.2 25.1 73.3 4.5 0.0 18.0 63.9 55.3 28.6 30.5 20.1 30.1 54.6 47.7 31.6 60.5 60.7 66.5 63.8 51.0 66.2 42.2 38.8 24.1 34.1 
31.1 99.0 22.6 70.1 26.1 14.1 78.1 36.2 74.0 53.4 14.1 43.3 96.8 54.6 68.9 67.1 72.5 56.9 44.0 20.4 92.5 76.9 72.0 50.2 18.4 48.3 71.7 96.8 64.6 50.0 77.3 72.2 4.0 60.5 87.1 62.5 42.2 42.2 36.1 7.2 22.8 67.5 20.4 18.0 0.0 72.1 73.0 11.7 15.6 38.1 48.0 48.7 40.8 26.0 60.8 78.1 62.3 75.0 39.4 60.8 58.3 54.6 38.5 23.4 
102.8 33.0 94.4 63.5 63.6 70.7 74.4 43.3 22.8 73.0 67.2 28.8 25.6 18.4 37.2 60.1 7.2 24.3 43.1 82.1 32.1 36.9 39.8 37.4 55.3 80.1 32.6 36.0 81.0 28.6 58.4 62.8 75.5 48.0 15.2 56.5 47.5 64.0 44.9 75.2 51.0 54.3 67.1 63.9 72.1 0.0 78.8 82.8 69.3 62.0 62.5 49.5 52.0 52.5 30.0 55.3 46.0 13.4 65.4 50.0 83.2 39.3 42.4 61.2 
94.5 80.0 88.1 16.1 47.1 84.9 10.0 83.2 59.7 20.0 58.9 67.9 88.8 75.6 43.2 119.3 72.8 55.6 91.2 93.4 70.0 48.2 109.3 92.0 74.3 29.1 49.0 72.1 11.7 83.5 26.3 18.0 72.4 107.6 89.8 22.4 93.2 31.0 84.9 68.3 74.2 116.1 52.6 55.3 73.0 78.8 0.0 82.2 85.4 35.4 26.0 100.0 95.4 81.4 95.0 30.3 107.5 69.0 102.9 109.1 20.6 40.5 48.4 86.9 
20.0 110.5 11.7 80.6 36.2 16.0 88.0 44.3 85.6 62.3 24.3 54.0 107.8 64.9 80.5 70.7 83.5 68.4 51.0 14.1 104.0 88.6 78.9 57.7 27.8 55.8 83.4 108.4 73.0 59.1 88.3 82.9 10.2 66.0 97.7 73.3 48.4 52.0 43.7 14.0 32.2 72.1 30.1 28.6 11.7 82.8 82.2 0.0 18.0 48.2 58.1 54.0 46.0 33.5 69.0 89.3 68.1 86.3 41.2 66.0 66.0 66.2 50.1 28.1 
36.1 99.3 28.6 80.4 38.6 2.0 89.4 27.8 76.0 66.5 27.8 41.6 94.8 50.9 74.2 53.0 71.2 59.1 33.5 12.8 94.0 81.6 61.2 40.5 15.2 62.8 75.9 98.5 78.0 43.3 86.0 82.2 18.9 48.0 83.5 72.1 30.6 54.4 26.8 22.8 18.9 54.1 34.0 30.5 15.6 69.3 85.4 18.0 0.0 50.0 59.7 36.1 28.1 17.2 52.0 86.2 50.2 74.9 24.2 48.0 72.5 60.8 44.4 10.2 
63.2 77.8 55.8 32.6 12.0 49.5 40.0 51.0 52.0 17.2 24.0 40.5 81.0 51.4 40.0 87.9 58.5 38.5 59.7 58.3 69.0 48.4 82.3 62.1 39.4 19.0 44.9 72.7 28.8 55.5 41.2 34.9 38.1 77.2 76.4 26.0 60.8 4.5 52.3 34.2 40.0 85.6 18.1 20.1 38.1 62.0 35.4 48.2 50.0 0.0 10.0 67.9 62.3 47.2 68.0 42.9 77.7 57.7 68.3 78.4 25.6 26.8 20.4 51.9 
72.8 74.0 65.5 22.8 22.0 59.2 30.1 58.1 49.0 10.8 34.0 44.9 78.9 54.6 34.9 94.8 58.0 38.2 66.5 68.3 64.6 42.9 87.1 68.1 48.3 18.4 40.5 68.0 21.3 60.5 32.2 25.3 48.0 83.5 76.0 17.2 68.1 6.3 59.7 44.2 48.4 92.0 28.1 30.1 48.0 62.5 26.0 58.1 59.7 10.0 0.0 75.1 70.0 55.6 72.7 34.4 83.7 56.1 76.9 84.9 20.9 24.1 24.4 60.9 
71.4 82.5 64.5 89.6 60.5 38.1 100.5 17.0 66.0 84.9 54.6 34.2 73.5 34.0 72.3 20.0 54.6 53.4 8.9 45.6 80.6 76.9 26.0 12.2 32.3 85.6 71.0 84.9 96.2 22.0 90.6 90.4 52.6 12.0 59.9 80.6 7.2 72.1 15.6 55.3 29.5 19.0 59.1 54.6 48.7 49.5 100.0 54.0 36.1 67.9 75.1 0.0 8.0 23.4 21.6 89.2 14.1 60.3 18.4 12.2 93.5 63.6 51.6 26.0 
63.6 84.8 56.6 85.9 54.0 30.1 96.6 12.6 66.3 79.4 47.4 32.2 76.9 34.9 70.7 26.8 56.3 52.2 8.9 37.9 82.0 76.1 33.5 15.6 25.1 79.4 70.1 86.3 90.9 23.4 87.9 86.9 44.7 20.0 63.8 77.0 4.5 66.6 10.8 47.5 22.8 26.7 52.2 47.7 40.8 52.0 95.4 46.0 28.1 62.3 70.0 8.0 0.0 16.1 26.9 86.8 22.1 61.6 13.4 20.1 87.7 60.7 47.4 18.0 
52.8 83.4 44.9 73.4 38.2 18.9 83.6 10.8 61.4 64.4 31.3 26.0 78.1 34.1 62.1 42.9 54.9 45.1 18.0 29.7 78.8 68.7 46.0 24.3 8.9 63.7 62.8 83.3 76.0 26.1 76.9 74.7 30.0 34.9 66.5 64.6 16.5 51.6 10.2 32.2 7.2 42.4 36.1 31.6 26.0 52.5 81.4 33.5 17.2 47.2 55.6 23.4 16.1 0.0 35.4 76.4 36.5 59.1 21.5 35.4 72.2 50.2 34.9 8.9 
88.0 62.5 80.3 82.1 64.0 53.9 93.4 24.7 50.0 83.4 62.1 27.8 52.5 20.0 60.0 30.3 36.2 41.6 18.9 63.5 62.0 62.8 14.4 11.7 42.4 86.9 57.3 66.0 93.7 12.6 80.4 82.2 64.8 18.0 38.6 73.5 22.8 71.6 25.3 66.3 38.2 24.7 64.8 60.5 60.8 30.0 95.0 69.0 52.0 68.0 72.7 21.6 26.9 35.4 0.0 78.2 16.1 42.4 39.7 20.0 93.1 55.2 48.4 42.0 
105.8 50.2 98.1 15.2 53.9 86.4 22.1 74.2 33.3 38.4 65.1 55.0 60.2 58.3 18.4 106.5 48.4 36.7 80.3 97.0 40.2 19.7 91.6 78.8 72.0 49.7 22.8 42.0 38.6 68.9 4.0 12.6 79.1 93.9 63.5 17.2 83.5 40.5 76.2 75.9 70.1 102.0 60.2 60.7 78.1 55.3 30.3 89.3 86.2 42.9 34.4 89.2 86.8 76.4 78.2 0.0 93.1 43.3 97.3 95.7 45.7 26.3 42.0 84.1 
85.5 78.2 78.6 95.6 71.6 52.2 106.8 27.9 66.0 94.0 67.1 39.7 67.5 34.9 75.2 14.1 52.3 56.4 19.0 59.7 78.1 78.4 12.8 15.6 45.1 96.0 72.8 82.0 105.0 24.4 95.0 96.0 66.3 2.8 53.4 86.8 20.1 81.6 27.2 68.7 41.8 8.9 70.9 66.5 62.3 46.0 107.5 68.1 50.2 77.7 83.7 14.1 22.1 36.5 16.1 93.1 0.0 58.5 31.3 4.5 103.2 68.8 59.5 40.0 
106.1 24.4 97.6 53.1 61.7 76.0 63.6 51.3 10.0 66.0 67.7 33.3 23.4 26.7 26.0 72.7 6.3 19.7 53.0 87.7 20.4 24.1 53.1 48.2 60.0 74.4 20.6 24.7 72.7 38.5 46.6 52.0 77.9 60.3 20.9 47.1 57.3 58.9 53.1 76.8 56.0 67.1 66.2 63.8 75.0 13.4 69.0 86.3 74.9 57.7 56.1 60.3 61.6 59.1 42.4 43.3 58.5 0.0 74.7 62.3 76.0 32.1 40.2 68.0 
56.0 98.1 50.2 94.9 58.4 26.0 105.1 24.1 78.9 85.4 49.5 44.0 90.4 48.1 82.1 30.0 69.6 64.0 22.4 30.0 95.1 88.0 43.9 28.8 28.8 83.7 82.0 99.5 97.1 36.8 98.1 96.2 42.9 28.6 77.2 86.0 17.9 72.7 22.1 46.6 28.6 32.6 55.2 51.0 39.4 65.4 102.9 41.2 24.2 68.3 76.9 18.4 13.4 21.5 39.7 97.3 31.3 74.7 0.0 27.9 92.8 71.0 56.3 17.0 
82.9 82.4 76.2 97.7 71.7 50.0 108.8 27.8 69.4 95.0 66.5 41.6 71.8 37.9 78.0 10.8 56.1 59.1 18.9 56.9 82.0 81.6 17.0 17.2 44.3 96.5 75.9 86.0 106.2 26.8 97.5 98.2 64.8 2.0 57.7 88.8 19.0 82.5 26.8 67.5 41.2 7.2 70.7 66.2 60.8 50.0 109.1 66.0 48.0 78.4 84.9 12.2 20.1 35.4 20.0 95.7 4.5 62.3 27.9 0.0 104.0 71.0 60.8 38.1 
76.0 91.8 70.3 30.5 34.4 71.6 30.0 76.6 68.1 10.2 44.7 65.3 98.2 75.4 52.6 113.5 78.4 58.9 85.3 78.4 82.0 59.7 107.4 87.7 64.0 10.2 58.5 84.9 8.9 80.6 42.2 33.3 56.9 102.8 96.3 31.0 86.4 21.6 77.9 52.5 65.1 111.2 38.5 42.2 58.3 83.2 20.6 66.0 72.5 25.6 20.9 93.5 87.7 72.2 93.1 45.7 103.2 76.0 92.8 104.0 0.0 44.2 44.7 76.0 
84.4 51.0 76.2 26.9 33.9 61.2 38.2 48.1 25.3 34.1 43.3 29.5 54.9 35.4 14.4 81.6 34.2 15.2 54.6 72.3 42.2 22.8 69.3 53.9 46.2 42.4 18.4 46.0 41.8 44.4 27.2 27.2 56.4 69.3 52.2 18.4 57.6 27.2 50.0 53.9 44.0 77.7 39.7 38.8 54.6 39.3 40.5 66.2 60.8 26.8 24.1 63.6 60.7 50.2 55.2 26.3 68.8 32.1 71.0 71.0 44.2 0.0 16.5 58.0 
68.8 62.8 60.5 38.6 21.5 44.7 49.2 35.0 36.9 35.0 28.3 20.6 63.6 31.0 30.5 70.9 39.8 20.6 42.8 55.8 55.2 38.5 62.8 43.9 30.0 39.3 33.3 59.4 45.6 36.1 42.2 39.8 40.5 59.4 57.3 29.7 44.9 23.4 36.7 38.4 28.3 67.9 26.1 24.1 38.5 42.4 48.4 50.1 44.4 20.4 24.4 51.6 47.4 34.9 48.4 42.0 59.5 40.2 56.3 60.8 44.7 16.5 0.0 42.2 
46.2 92.3 38.8 80.0 41.6 12.2 89.8 18.4 70.2 69.0 32.6 34.9 86.8 42.8 70.5 43.7 63.8 53.9 23.4 21.6 87.7 77.3 51.0 30.5 12.6 66.8 71.4 92.2 80.6 34.1 84.4 81.6 27.2 38.0 75.0 71.4 20.4 56.4 17.2 30.5 14.0 44.4 38.2 34.1 23.4 61.2 86.9 28.1 10.2 51.9 60.9 26.0 18.0 8.9 42.0 84.1 40.0 68.0 17.0 38.1 76.0 58.0 42.2 0.0 

Routes: 
Route: 0 1 27 20 12 34 57 8 14 17 0 | Demand: 100.0| Cost: 333.5
Route: 0 2 16 44 11 26 32 45 47 53 0 | Demand: 99.0| Cost: 575.7
Route: 0 3 31 30 21 55 6 28 50 59 0 | Demand: 99.0| Cost: 382.9
Route: 0 4 35 54 49 61 56 40 0 | Demand: 99.0| Cost: 420.5
Route: 0 5 18 23 38 7 48 63 36 52 0 | Demand: 100.0| Cost: 219.4
Route: 0 9 46 60 25 43 15 0 | Demand: 100.0| Cost: 318.7
Route: 0 10 62 42 37 22 0 | Demand: 99.0| Cost: 300.5
Route: 0 13 29 33 41 51 0 | Demand: 95.0| Cost: 220.9
Route: 0 19 58 24 39 0 | Demand: 82.0| Cost: 139.4

Total cost: 2911.5
Execution time: 0.013

-----------------------------------------

ClarkeWright Parallel: 
 
Distance Matrix: 
0.0 130.1 8.5 95.6 52.0 34.2 101.6 63.6 105.0 74.7 41.2 74.0 127.8 84.9 98.8 86.0 103.5 87.9 69.6 26.1 123.4 107.1 97.0 76.6 47.7 66.0 102.1 127.8 84.1 78.7 104.4 98.1 28.4 83.2 117.6 89.2 66.5 66.5 62.8 30.5 52.2 88.4 45.7 45.7 31.1 102.8 94.5 20.0 36.1 63.2 72.8 71.4 63.6 52.8 88.0 105.8 85.5 106.1 56.0 82.9 76.0 84.4 68.8 46.2 
130.1 0.0 121.7 64.0 83.8 100.4 72.2 75.2 26.1 82.5 90.9 57.7 14.4 50.2 39.3 92.1 28.6 42.5 75.9 112.1 10.0 32.2 70.1 70.3 84.4 92.3 33.5 8.9 86.6 61.4 54.1 62.0 101.8 80.4 26.7 60.8 80.3 78.0 77.0 100.5 80.4 86.0 88.8 86.8 99.0 33.0 80.0 110.5 99.3 77.8 74.0 82.5 84.8 83.4 62.5 50.2 78.2 24.4 98.1 82.4 91.8 51.0 62.8 92.3 
8.5 121.7 0.0 88.3 44.3 26.7 94.8 55.7 96.5 68.1 33.1 65.6 119.3 76.6 90.6 80.1 95.0 79.4 62.1 20.4 115.0 98.8 89.8 69.0 39.4 60.1 93.7 119.3 78.0 70.7 96.8 90.7 20.0 76.4 109.3 81.6 59.2 59.2 55.0 22.4 43.9 82.0 37.9 37.6 22.6 94.4 88.1 11.7 28.6 55.8 65.5 64.5 56.6 44.9 80.3 98.1 78.6 97.6 50.2 76.2 70.3 76.2 60.5 38.8 
95.6 64.0 88.3 0.0 44.4 80.2 11.3 73.3 43.7 24.1 56.3 56.0 72.7 62.2 27.2 108.2 57.3 41.2 80.6 90.0 54.0 32.1 96.2 80.4 67.5 35.4 33.0 56.3 23.4 71.2 11.7 2.8 70.5 96.0 74.0 8.9 83.2 29.1 75.2 66.8 66.5 104.4 50.6 52.2 70.1 63.5 16.1 80.6 80.4 32.6 22.8 89.6 85.9 73.4 82.1 15.2 95.6 53.1 94.9 97.7 30.5 26.9 38.6 80.0 
52.0 83.8 44.3 44.4 0.0 37.9 52.0 43.9 57.7 27.9 12.0 38.1 85.1 50.0 48.2 80.4 61.4 42.0 52.8 46.4 75.6 56.6 77.8 56.5 29.7 25.5 52.3 79.6 39.4 51.4 52.5 46.7 26.1 70.7 78.6 37.4 53.3 16.1 44.9 22.4 31.2 78.9 6.3 8.2 26.1 63.6 47.1 36.2 38.6 12.0 22.0 60.5 54.0 38.2 64.0 53.9 71.6 61.7 58.4 71.7 34.4 33.9 21.5 41.6 
34.2 100.4 26.7 80.2 37.9 0.0 89.1 29.5 76.9 65.8 26.8 42.8 96.2 52.3 74.7 54.9 72.5 59.9 35.4 11.7 95.0 82.2 63.2 42.4 16.1 61.8 76.6 99.5 77.3 44.9 86.1 82.1 17.2 50.0 85.0 72.0 32.6 53.9 28.6 21.3 20.0 56.1 33.1 29.7 14.1 70.7 84.9 16.0 2.0 49.5 59.2 38.1 30.1 18.9 53.9 86.4 52.2 76.0 26.0 50.0 71.6 61.2 44.7 12.2 
101.6 72.2 94.8 11.3 52.0 89.1 0.0 84.1 53.9 27.2 64.0 67.2 82.0 73.5 37.6 119.3 68.0 52.5 91.6 98.3 62.3 41.2 107.5 91.6 77.2 37.6 43.1 64.0 21.3 82.5 18.1 11.7 78.0 107.2 84.3 20.0 94.0 36.0 85.9 74.0 76.6 115.6 58.0 60.1 78.1 74.4 10.0 88.0 89.4 40.0 30.1 100.5 96.6 83.6 93.4 22.1 106.8 63.6 105.1 108.8 30.0 38.2 49.2 89.8 
63.6 75.2 55.7 73.3 43.9 29.5 84.1 0.0 54.9 67.9 39.3 20.0 68.8 25.1 58.3 36.9 46.5 40.0 8.9 40.0 71.5 64.0 36.1 14.0 18.0 68.8 58.0 75.9 79.2 15.6 75.3 74.3 40.2 26.8 56.6 64.4 10.0 55.2 2.0 42.0 14.1 35.0 43.1 38.6 36.2 43.3 83.2 44.3 27.8 51.0 58.1 17.0 12.6 10.8 24.7 74.2 27.9 51.3 24.1 27.8 76.6 48.1 35.0 18.4 
105.0 26.1 96.5 43.7 57.7 76.9 53.9 54.9 0.0 58.3 65.1 35.4 30.1 32.1 16.5 80.0 15.6 17.2 58.0 88.6 18.4 14.1 61.7 54.1 60.8 67.5 10.8 22.8 64.1 44.0 36.7 42.4 76.6 67.5 30.5 38.2 62.1 52.5 56.9 75.0 57.3 74.7 62.8 61.0 74.0 22.8 59.7 85.6 76.0 52.0 49.0 66.0 66.3 61.4 50.0 33.3 66.0 10.0 78.9 69.4 68.1 25.3 36.9 70.2 
74.7 82.5 68.1 24.1 27.9 65.8 27.2 67.9 58.3 0.0 39.3 55.6 88.4 65.4 43.2 104.7 68.3 48.7 76.4 73.8 72.8 50.6 97.8 78.4 56.6 11.3 49.0 75.9 11.7 71.0 35.4 26.9 52.6 93.7 86.2 22.4 77.8 12.8 69.3 48.4 57.2 102.2 33.0 36.1 53.4 73.0 20.0 62.3 66.5 17.2 10.8 84.9 79.4 64.4 83.4 38.4 94.0 66.0 85.4 95.0 10.2 34.1 35.0 69.0 
41.2 90.9 33.1 56.3 12.0 26.8 64.0 39.3 65.1 39.3 0.0 39.3 90.6 51.4 57.7 74.2 66.2 48.4 48.1 34.5 83.5 66.0 75.0 53.0 22.4 35.0 61.2 87.7 50.6 50.0 64.0 58.5 14.1 65.8 82.5 49.0 47.5 28.1 39.8 10.8 25.3 73.5 6.3 4.5 14.1 67.2 58.9 24.3 27.8 24.0 34.0 54.6 47.4 31.3 62.1 65.1 67.1 67.7 49.5 66.5 44.7 43.3 28.3 32.6 
74.0 57.7 65.6 56.0 38.1 42.8 67.2 20.0 35.4 55.6 39.3 0.0 53.8 12.2 38.5 52.2 29.7 20.0 25.3 54.4 52.8 44.0 42.2 24.4 26.9 59.5 38.0 57.3 66.0 15.6 56.5 56.6 46.6 40.0 43.9 47.2 28.6 43.9 22.0 46.5 22.8 48.4 40.2 36.5 43.3 28.8 67.9 54.0 41.6 40.5 44.9 34.2 32.2 26.0 27.8 55.0 39.7 33.3 44.0 41.6 65.3 29.5 20.6 34.9 
127.8 14.4 119.3 72.7 85.1 96.2 82.0 68.8 30.1 88.4 90.6 53.8 0.0 44.0 46.0 80.9 24.4 43.1 68.0 107.6 21.6 40.8 58.1 61.7 80.6 97.3 40.0 22.6 94.0 53.9 64.0 71.0 100.0 69.9 14.1 68.0 72.5 82.0 70.5 99.3 76.4 74.7 89.4 86.8 96.8 25.6 88.8 107.8 94.8 81.0 78.9 73.5 76.9 78.1 52.5 60.2 67.5 23.4 90.4 71.8 98.2 54.9 63.6 86.8 
84.9 50.2 76.6 62.2 50.0 52.3 73.5 25.1 32.1 65.4 51.4 12.2 44.0 0.0 40.2 48.7 21.5 21.6 26.3 63.7 47.1 43.7 33.9 22.1 37.2 70.3 37.9 51.4 75.2 12.0 60.5 62.3 58.1 36.1 32.8 53.8 30.6 54.4 26.8 58.3 32.8 43.9 52.3 48.7 54.6 18.4 75.6 64.9 50.9 51.4 54.6 34.0 34.9 34.1 20.0 58.3 34.9 26.7 48.1 37.9 75.4 35.4 31.0 42.8 
98.8 39.3 90.6 27.2 48.2 74.7 37.6 58.3 16.5 43.2 57.7 38.5 46.0 40.2 0.0 88.8 30.5 19.0 63.6 86.0 29.7 8.5 73.2 61.4 59.2 53.1 6.0 33.1 48.0 51.3 21.3 26.0 70.7 76.2 46.8 22.0 67.1 39.4 60.3 68.3 56.6 84.1 54.0 53.3 68.9 37.2 43.2 80.5 74.2 40.0 34.9 72.3 70.7 62.1 60.0 18.4 75.2 26.0 82.1 78.0 52.6 14.4 30.5 70.5 
86.0 92.1 80.1 108.2 80.4 54.9 119.3 36.9 80.0 104.7 74.2 52.2 80.9 48.7 88.8 0.0 66.5 69.9 28.3 60.0 92.2 92.3 23.4 27.8 51.9 105.6 86.6 96.1 116.0 37.6 108.2 108.8 70.9 12.6 66.8 99.3 27.2 92.0 35.6 74.0 49.4 6.3 78.9 74.4 67.1 60.1 119.3 70.7 53.0 87.9 94.8 20.0 26.8 42.9 30.3 106.5 14.1 72.7 30.0 10.8 113.5 81.6 70.9 43.7 
103.5 28.6 95.0 57.3 61.4 72.5 68.0 46.5 15.6 68.3 66.2 29.7 24.4 21.5 30.5 66.5 0.0 20.1 47.5 84.0 26.1 29.7 46.8 42.4 56.6 76.0 25.6 30.3 75.7 33.0 51.6 56.4 75.6 54.1 18.0 50.6 51.9 60.1 48.3 74.9 52.5 60.8 65.4 62.6 72.5 7.2 72.8 83.5 71.2 58.5 58.0 54.6 56.3 54.9 36.2 48.4 52.3 6.3 69.6 56.1 78.4 34.2 39.8 63.8 
87.9 42.5 79.4 41.2 42.0 59.9 52.5 40.0 17.2 48.7 48.4 20.0 43.1 21.6 19.0 69.9 20.1 0.0 44.7 71.6 35.6 24.0 55.3 42.4 43.9 56.0 18.0 40.0 56.9 32.3 38.8 41.0 59.5 57.3 38.1 33.3 48.4 40.0 42.0 58.0 40.5 65.3 46.6 44.4 56.9 24.3 55.6 68.4 59.1 38.5 38.2 53.4 52.2 45.1 41.6 36.7 56.4 19.7 64.0 59.1 58.9 15.2 20.6 53.9 
69.6 75.9 62.1 80.6 52.8 35.4 91.6 8.9 58.0 76.4 48.1 25.3 68.0 26.3 63.6 28.3 47.5 44.7 0.0 44.7 73.3 68.5 28.1 7.2 26.3 77.7 62.5 77.7 87.7 14.6 81.7 81.4 48.0 17.9 54.9 71.7 4.5 63.8 8.2 50.2 22.8 26.1 52.0 47.5 44.0 43.1 91.2 51.0 33.5 59.7 66.5 8.9 8.9 18.0 18.9 80.3 19.0 53.0 22.4 18.9 85.3 54.6 42.8 23.4 
26.1 112.1 20.4 90.0 46.4 11.7 98.3 40.0 88.6 73.8 34.5 54.4 107.6 63.7 86.0 60.0 84.0 71.6 44.7 0.0 106.7 93.6 71.5 51.9 27.8 68.4 88.0 111.1 84.9 55.6 96.5 92.0 21.5 57.3 96.2 82.1 41.2 62.5 38.8 26.0 31.6 62.3 40.8 38.2 20.4 82.1 93.4 14.1 12.8 58.3 68.3 45.6 37.9 29.7 63.5 97.0 59.7 87.7 30.0 56.9 78.4 72.3 55.8 21.6 
123.4 10.0 115.0 54.0 75.6 95.0 62.3 71.5 18.4 72.8 83.5 52.8 21.6 47.1 29.7 92.2 26.1 35.6 73.3 106.7 0.0 22.4 71.4 68.5 78.9 82.9 24.2 4.5 76.7 58.9 44.2 52.0 95.0 80.0 30.5 51.0 77.7 68.9 73.4 93.4 75.2 86.4 80.9 79.2 92.5 32.1 70.0 104.0 94.0 69.0 64.6 80.6 82.0 78.8 62.0 40.2 78.1 20.4 95.1 82.0 82.0 42.2 55.2 87.7 
107.1 32.2 98.8 32.1 56.6 82.2 41.2 64.0 14.1 50.6 66.0 44.0 40.8 43.7 8.5 92.3 29.7 24.0 68.5 93.6 22.4 0.0 75.2 65.5 66.5 60.9 6.0 25.3 54.3 55.3 23.4 30.3 78.9 79.7 43.9 28.6 72.2 47.7 66.0 76.6 63.6 87.3 62.5 61.6 76.9 36.9 48.2 88.6 81.6 48.4 42.9 76.9 76.1 68.7 62.8 19.7 78.4 24.1 88.0 81.6 59.7 22.8 38.5 77.3 
97.0 70.1 89.8 96.2 77.8 63.2 107.5 36.1 61.7 97.8 75.0 42.2 58.1 33.9 73.2 23.4 46.8 55.3 28.1 71.5 71.4 75.2 0.0 22.1 54.0 101.1 70.0 75.0 108.2 26.8 94.0 96.2 76.0 15.6 44.0 87.7 30.6 85.9 36.0 78.0 50.2 17.1 78.1 73.8 72.0 39.8 109.3 78.9 61.2 82.3 87.1 26.0 33.5 46.0 14.4 91.6 12.8 53.1 43.9 17.0 107.4 69.3 62.8 51.0 
76.6 70.3 69.0 80.4 56.5 42.4 91.6 14.0 54.1 78.4 53.0 24.4 61.7 22.1 61.4 27.8 42.4 42.4 7.2 51.9 68.5 65.5 22.1 0.0 32.0 80.6 59.7 72.7 89.4 10.2 80.5 81.0 54.1 15.6 48.4 71.6 11.3 66.0 14.1 56.0 28.1 24.1 56.3 51.9 50.2 37.4 92.0 57.7 40.5 62.1 68.1 12.2 15.6 24.3 11.7 78.8 15.6 48.2 28.8 17.2 87.7 53.9 43.9 30.5 
47.7 84.4 39.4 67.5 29.7 16.1 77.2 18.0 60.8 56.6 22.4 26.9 80.6 37.2 59.2 51.9 56.6 43.9 26.3 27.8 78.9 66.5 54.0 32.0 0.0 55.2 60.7 83.4 68.3 31.6 72.1 69.1 22.4 43.7 70.0 58.9 25.3 43.9 18.1 24.0 4.5 51.3 27.2 22.8 18.4 55.3 74.3 27.8 15.2 39.4 48.3 32.3 25.1 8.9 42.4 72.0 45.1 60.0 28.8 44.3 64.0 46.2 30.0 12.6 
66.0 92.3 60.1 35.4 25.5 61.8 37.6 68.8 67.5 11.3 35.0 59.5 97.3 70.3 53.1 105.6 76.0 56.0 77.7 68.4 82.9 60.9 101.1 80.6 55.2 0.0 58.8 86.2 18.1 74.3 46.7 38.2 46.8 95.4 94.0 33.3 78.4 16.1 70.0 42.4 56.6 103.7 28.8 32.8 48.3 80.1 29.1 55.8 62.8 19.0 18.4 85.6 79.4 63.7 86.9 49.7 96.0 74.4 83.7 96.5 10.2 42.4 39.3 66.8 
102.1 33.5 93.7 33.0 52.3 76.6 43.1 58.0 10.8 49.0 61.2 38.0 40.0 37.9 6.0 86.6 25.6 18.0 62.5 88.0 24.2 6.0 70.0 59.7 60.7 58.8 0.0 27.8 54.0 49.5 26.1 31.6 73.8 74.0 41.2 28.0 66.3 44.7 60.0 71.6 57.7 81.7 58.0 56.9 71.7 32.6 49.0 83.4 75.9 44.9 40.5 71.0 70.1 62.8 57.3 22.8 72.8 20.6 82.0 75.9 58.5 18.4 33.3 71.4 
127.8 8.9 119.3 56.3 79.6 99.5 64.0 75.9 22.8 75.9 87.7 57.3 22.6 51.4 33.1 96.1 30.3 40.0 77.7 111.1 4.5 25.3 75.0 72.7 83.4 86.2 27.8 0.0 79.2 63.2 46.0 54.1 99.4 84.0 33.1 53.9 82.0 72.5 77.8 97.7 79.6 90.2 85.0 83.5 96.8 36.0 72.1 108.4 98.5 72.7 68.0 84.9 86.3 83.3 66.0 42.0 82.0 24.7 99.5 86.0 84.9 46.0 59.4 92.2 
84.1 86.6 78.0 23.4 39.4 77.3 21.3 79.2 64.1 11.7 50.6 66.0 94.0 75.2 48.0 116.0 75.7 56.9 87.7 84.9 76.7 54.3 108.2 89.4 68.3 18.1 54.0 79.2 0.0 81.6 34.9 26.0 63.6 104.8 93.4 26.0 89.2 24.4 80.7 59.2 68.8 113.3 44.3 47.5 64.6 81.0 11.7 73.0 78.0 28.8 21.3 96.2 90.9 76.0 93.7 38.6 105.0 72.7 97.1 106.2 8.9 41.8 45.6 80.6 
78.7 61.4 70.7 71.2 51.4 44.9 82.5 15.6 44.0 71.0 50.0 15.6 53.9 12.0 51.3 37.6 33.0 32.3 14.6 55.6 58.9 55.3 26.8 10.2 31.6 74.3 49.5 63.2 81.6 0.0 70.7 71.6 53.9 25.1 41.2 62.5 19.0 59.1 17.0 54.9 27.2 33.3 52.3 48.2 50.0 28.6 83.5 59.1 43.3 55.5 60.5 22.0 23.4 26.1 12.6 68.9 24.4 38.5 36.8 26.8 80.6 44.4 36.1 34.1 
104.4 54.1 96.8 11.7 52.5 86.1 18.1 75.3 36.7 35.4 64.0 56.5 64.0 60.5 21.3 108.2 51.6 38.8 81.7 96.5 44.2 23.4 94.0 80.5 72.1 46.7 26.1 46.0 34.9 70.7 0.0 8.9 78.1 95.8 67.1 15.2 84.8 38.5 77.2 74.7 70.5 103.9 58.8 59.7 77.3 58.4 26.3 88.3 86.0 41.2 32.2 90.6 87.9 76.9 80.4 4.0 95.0 46.6 98.1 97.5 42.2 27.2 42.2 84.4 
98.1 62.0 90.7 2.8 46.7 82.1 11.7 74.3 42.4 26.9 58.5 56.6 71.0 62.3 26.0 108.8 56.4 41.0 81.4 92.0 52.0 30.3 96.2 81.0 69.1 38.2 31.6 54.1 26.0 71.6 8.9 0.0 72.7 96.5 72.8 10.2 84.1 31.6 76.2 69.1 67.9 104.9 53.0 54.3 72.2 62.8 18.0 82.9 82.2 34.9 25.3 90.4 86.9 74.7 82.2 12.6 96.0 52.0 96.2 98.2 33.3 27.2 39.8 81.6 
28.4 101.8 20.0 70.5 26.1 17.2 78.0 40.2 76.6 52.6 14.1 46.6 100.0 58.1 70.7 70.9 75.6 59.5 48.0 21.5 95.0 78.9 76.0 54.1 22.4 46.8 73.8 99.4 63.6 53.9 78.1 72.7 0.0 64.5 90.6 63.2 46.2 42.0 40.0 4.5 26.7 71.4 20.0 18.4 4.0 75.5 72.4 10.2 18.9 38.1 48.0 52.6 44.7 30.0 64.8 79.1 66.3 77.9 42.9 64.8 56.9 56.4 40.5 27.2 
83.2 80.4 76.4 96.0 70.7 50.0 107.2 26.8 67.5 93.7 65.8 40.0 69.9 36.1 76.2 12.6 54.1 57.3 17.9 57.3 80.0 79.7 15.6 15.6 43.7 95.4 74.0 84.0 104.8 25.1 95.8 96.5 64.5 0.0 55.8 87.2 18.4 81.2 26.0 67.1 40.5 8.5 69.9 65.4 60.5 48.0 107.6 66.0 48.0 77.2 83.5 12.0 20.0 34.9 18.0 93.9 2.8 60.3 28.6 2.0 102.8 69.3 59.4 38.0 
117.6 26.7 109.3 74.0 78.6 85.0 84.3 56.6 30.5 86.2 82.5 43.9 14.1 32.8 46.8 66.8 18.0 38.1 54.9 96.2 30.5 43.9 44.0 48.4 70.0 94.0 41.2 33.1 93.4 41.2 67.1 72.8 90.6 55.8 0.0 67.9 59.4 78.1 58.1 90.4 65.6 60.5 82.2 79.1 87.1 15.2 89.8 97.7 83.5 76.4 76.0 59.9 63.8 66.5 38.6 63.5 53.4 20.9 77.2 57.7 96.3 52.2 57.3 75.0 
89.2 60.8 81.6 8.9 37.4 72.0 20.0 64.4 38.2 22.4 49.0 47.2 68.0 53.8 22.0 99.3 50.6 33.3 71.7 82.1 51.0 28.6 87.7 71.6 58.9 33.3 28.0 53.9 26.0 62.5 15.2 10.2 63.2 87.2 67.9 0.0 74.2 23.3 66.2 59.7 57.7 95.6 43.7 44.7 62.5 56.5 22.4 73.3 72.1 26.0 17.2 80.6 77.0 64.6 73.5 17.2 86.8 47.1 86.0 88.8 31.0 18.4 29.7 71.4 
66.5 80.3 59.2 83.2 53.3 32.6 94.0 10.0 62.1 77.8 47.5 28.6 72.5 30.6 67.1 27.2 51.9 48.4 4.5 41.2 77.7 72.2 30.6 11.3 25.3 78.4 66.3 82.0 89.2 19.0 84.8 84.1 46.2 18.4 59.4 74.2 0.0 65.1 8.5 48.7 22.4 26.0 51.9 47.4 42.2 47.5 93.2 48.4 30.6 60.8 68.1 7.2 4.5 16.5 22.8 83.5 20.1 57.3 17.9 19.0 86.4 57.6 44.9 20.4 
66.5 78.0 59.2 29.1 16.1 53.9 36.0 55.2 52.5 12.8 28.1 43.9 82.0 54.4 39.4 92.0 60.1 40.0 63.8 62.5 68.9 47.7 85.9 66.0 43.9 16.1 44.7 72.5 24.4 59.1 38.5 31.6 42.0 81.2 78.1 23.3 65.1 0.0 56.6 38.1 44.4 89.6 22.0 24.3 42.2 64.0 31.0 52.0 54.4 4.5 6.3 72.1 66.6 51.6 71.6 40.5 81.6 58.9 72.7 82.5 21.6 27.2 23.4 56.4 
62.8 77.0 55.0 75.2 44.9 28.6 85.9 2.0 56.9 69.3 39.8 22.0 70.5 26.8 60.3 35.6 48.3 42.0 8.2 38.8 73.4 66.0 36.0 14.1 18.1 70.0 60.0 77.8 80.7 17.0 77.2 76.2 40.0 26.0 58.1 66.2 8.5 56.6 0.0 42.0 14.6 34.0 43.9 39.4 36.1 44.9 84.9 43.7 26.8 52.3 59.7 15.6 10.8 10.2 25.3 76.2 27.2 53.1 22.1 26.8 77.9 50.0 36.7 17.2 
30.5 100.5 22.4 66.8 22.4 21.3 74.0 42.0 75.0 48.4 10.8 46.5 99.3 58.3 68.3 74.0 74.9 58.0 50.2 26.0 93.4 76.6 78.0 56.0 24.0 42.4 71.6 97.7 59.2 54.9 74.7 69.1 4.5 67.1 90.4 59.7 48.7 38.1 42.0 0.0 28.1 74.2 16.1 15.2 7.2 75.2 68.3 14.0 22.8 34.2 44.2 55.3 47.5 32.2 66.3 75.9 68.7 76.8 46.6 67.5 52.5 53.9 38.4 30.5 
52.2 80.4 43.9 66.5 31.2 20.0 76.6 14.1 57.3 57.2 25.3 22.8 76.4 32.8 56.6 49.4 52.5 40.5 22.8 31.6 75.2 63.6 50.2 28.1 4.5 56.6 57.7 79.6 68.8 27.2 70.5 67.9 26.7 40.5 65.6 57.7 22.4 44.4 14.6 28.1 0.0 48.3 29.5 25.1 22.8 51.0 74.2 32.2 18.9 40.0 48.4 29.5 22.8 7.2 38.2 70.1 41.8 56.0 28.6 41.2 65.1 44.0 28.3 14.0 
88.4 86.0 82.0 104.4 78.9 56.1 115.6 35.0 74.7 102.2 73.5 48.4 74.7 43.9 84.1 6.3 60.8 65.3 26.1 62.3 86.4 87.3 17.1 24.1 51.3 103.7 81.7 90.2 113.3 33.3 103.9 104.9 71.4 8.5 60.5 95.6 26.0 89.6 34.0 74.2 48.3 0.0 77.8 73.3 67.5 54.3 116.1 72.1 54.1 85.6 92.0 19.0 26.7 42.4 24.7 102.0 8.9 67.1 32.6 7.2 111.2 77.7 67.9 44.4 
45.7 88.8 37.9 50.6 6.3 33.1 58.0 43.1 62.8 33.0 6.3 40.2 89.4 52.3 54.0 78.9 65.4 46.6 52.0 40.8 80.9 62.5 78.1 56.3 27.2 28.8 58.0 85.0 44.3 52.3 58.8 53.0 20.0 69.9 82.2 43.7 51.9 22.0 43.9 16.1 29.5 77.8 0.0 4.5 20.4 67.1 52.6 30.1 34.0 18.1 28.1 59.1 52.2 36.1 64.8 60.2 70.9 66.2 55.2 70.7 38.5 39.7 26.1 38.2 
45.7 86.8 37.6 52.2 8.2 29.7 60.1 38.6 61.0 36.1 4.5 36.5 86.8 48.7 53.3 74.4 62.6 44.4 47.5 38.2 79.2 61.6 73.8 51.9 22.8 32.8 56.9 83.5 47.5 48.2 59.7 54.3 18.4 65.4 79.1 44.7 47.4 24.3 39.4 15.2 25.1 73.3 4.5 0.0 18.0 63.9 55.3 28.6 30.5 20.1 30.1 54.6 47.7 31.6 60.5 60.7 66.5 63.8 51.0 66.2 42.2 38.8 24.1 34.1 
31.1 99.0 22.6 70.1 26.1 14.1 78.1 36.2 74.0 53.4 14.1 43.3 96.8 54.6 68.9 67.1 72.5 56.9 44.0 20.4 92.5 76.9 72.0 50.2 18.4 48.3 71.7 96.8 64.6 50.0 77.3 72.2 4.0 60.5 87.1 62.5 42.2 42.2 36.1 7.2 22.8 67.5 20.4 18.0 0.0 72.1 73.0 11.7 15.6 38.1 48.0 48.7 40.8 26.0 60.8 78.1 62.3 75.0 39.4 60.8 58.3 54.6 38.5 23.4 
102.8 33.0 94.4 63.5 63.6 70.7 74.4 43.3 22.8 73.0 67.2 28.8 25.6 18.4 37.2 60.1 7.2 24.3 43.1 82.1 32.1 36.9 39.8 37.4 55.3 80.1 32.6 36.0 81.0 28.6 58.4 62.8 75.5 48.0 15.2 56.5 47.5 64.0 44.9 75.2 51.0 54.3 67.1 63.9 72.1 0.0 78.8 82.8 69.3 62.0 62.5 49.5 52.0 52.5 30.0 55.3 46.0 13.4 65.4 50.0 83.2 39.3 42.4 61.2 
94.5 80.0 88.1 16.1 47.1 84.9 10.0 83.2 59.7 20.0 58.9 67.9 88.8 75.6 43.2 119.3 72.8 55.6 91.2 93.4 70.0 48.2 109.3 92.0 74.3 29.1 49.0 72.1 11.7 83.5 26.3 18.0 72.4 107.6 89.8 22.4 93.2 31.0 84.9 68.3 74.2 116.1 52.6 55.3 73.0 78.8 0.0 82.2 85.4 35.4 26.0 100.0 95.4 81.4 95.0 30.3 107.5 69.0 102.9 109.1 20.6 40.5 48.4 86.9 
20.0 110.5 11.7 80.6 36.2 16.0 88.0 44.3 85.6 62.3 24.3 54.0 107.8 64.9 80.5 70.7 83.5 68.4 51.0 14.1 104.0 88.6 78.9 57.7 27.8 55.8 83.4 108.4 73.0 59.1 88.3 82.9 10.2 66.0 97.7 73.3 48.4 52.0 43.7 14.0 32.2 72.1 30.1 28.6 11.7 82.8 82.2 0.0 18.0 48.2 58.1 54.0 46.0 33.5 69.0 89.3 68.1 86.3 41.2 66.0 66.0 66.2 50.1 28.1 
36.1 99.3 28.6 80.4 38.6 2.0 89.4 27.8 76.0 66.5 27.8 41.6 94.8 50.9 74.2 53.0 71.2 59.1 33.5 12.8 94.0 81.6 61.2 40.5 15.2 62.8 75.9 98.5 78.0 43.3 86.0 82.2 18.9 48.0 83.5 72.1 30.6 54.4 26.8 22.8 18.9 54.1 34.0 30.5 15.6 69.3 85.4 18.0 0.0 50.0 59.7 36.1 28.1 17.2 52.0 86.2 50.2 74.9 24.2 48.0 72.5 60.8 44.4 10.2 
63.2 77.8 55.8 32.6 12.0 49.5 40.0 51.0 52.0 17.2 24.0 40.5 81.0 51.4 40.0 87.9 58.5 38.5 59.7 58.3 69.0 48.4 82.3 62.1 39.4 19.0 44.9 72.7 28.8 55.5 41.2 34.9 38.1 77.2 76.4 26.0 60.8 4.5 52.3 34.2 40.0 85.6 18.1 20.1 38.1 62.0 35.4 48.2 50.0 0.0 10.0 67.9 62.3 47.2 68.0 42.9 77.7 57.7 68.3 78.4 25.6 26.8 20.4 51.9 
72.8 74.0 65.5 22.8 22.0 59.2 30.1 58.1 49.0 10.8 34.0 44.9 78.9 54.6 34.9 94.8 58.0 38.2 66.5 68.3 64.6 42.9 87.1 68.1 48.3 18.4 40.5 68.0 21.3 60.5 32.2 25.3 48.0 83.5 76.0 17.2 68.1 6.3 59.7 44.2 48.4 92.0 28.1 30.1 48.0 62.5 26.0 58.1 59.7 10.0 0.0 75.1 70.0 55.6 72.7 34.4 83.7 56.1 76.9 84.9 20.9 24.1 24.4 60.9 
71.4 82.5 64.5 89.6 60.5 38.1 100.5 17.0 66.0 84.9 54.6 34.2 73.5 34.0 72.3 20.0 54.6 53.4 8.9 45.6 80.6 76.9 26.0 12.2 32.3 85.6 71.0 84.9 96.2 22.0 90.6 90.4 52.6 12.0 59.9 80.6 7.2 72.1 15.6 55.3 29.5 19.0 59.1 54.6 48.7 49.5 100.0 54.0 36.1 67.9 75.1 0.0 8.0 23.4 21.6 89.2 14.1 60.3 18.4 12.2 93.5 63.6 51.6 26.0 
63.6 84.8 56.6 85.9 54.0 30.1 96.6 12.6 66.3 79.4 47.4 32.2 76.9 34.9 70.7 26.8 56.3 52.2 8.9 37.9 82.0 76.1 33.5 15.6 25.1 79.4 70.1 86.3 90.9 23.4 87.9 86.9 44.7 20.0 63.8 77.0 4.5 66.6 10.8 47.5 22.8 26.7 52.2 47.7 40.8 52.0 95.4 46.0 28.1 62.3 70.0 8.0 0.0 16.1 26.9 86.8 22.1 61.6 13.4 20.1 87.7 60.7 47.4 18.0 
52.8 83.4 44.9 73.4 38.2 18.9 83.6 10.8 61.4 64.4 31.3 26.0 78.1 34.1 62.1 42.9 54.9 45.1 18.0 29.7 78.8 68.7 46.0 24.3 8.9 63.7 62.8 83.3 76.0 26.1 76.9 74.7 30.0 34.9 66.5 64.6 16.5 51.6 10.2 32.2 7.2 42.4 36.1 31.6 26.0 52.5 81.4 33.5 17.2 47.2 55.6 23.4 16.1 0.0 35.4 76.4 36.5 59.1 21.5 35.4 72.2 50.2 34.9 8.9 
88.0 62.5 80.3 82.1 64.0 53.9 93.4 24.7 50.0 83.4 62.1 27.8 52.5 20.0 60.0 30.3 36.2 41.6 18.9 63.5 62.0 62.8 14.4 11.7 42.4 86.9 57.3 66.0 93.7 12.6 80.4 82.2 64.8 18.0 38.6 73.5 22.8 71.6 25.3 66.3 38.2 24.7 64.8 60.5 60.8 30.0 95.0 69.0 52.0 68.0 72.7 21.6 26.9 35.4 0.0 78.2 16.1 42.4 39.7 20.0 93.1 55.2 48.4 42.0 
105.8 50.2 98.1 15.2 53.9 86.4 22.1 74.2 33.3 38.4 65.1 55.0 60.2 58.3 18.4 106.5 48.4 36.7 80.3 97.0 40.2 19.7 91.6 78.8 72.0 49.7 22.8 42.0 38.6 68.9 4.0 12.6 79.1 93.9 63.5 17.2 83.5 40.5 76.2 75.9 70.1 102.0 60.2 60.7 78.1 55.3 30.3 89.3 86.2 42.9 34.4 89.2 86.8 76.4 78.2 0.0 93.1 43.3 97.3 95.7 45.7 26.3 42.0 84.1 
85.5 78.2 78.6 95.6 71.6 52.2 106.8 27.9 66.0 94.0 67.1 39.7 67.5 34.9 75.2 14.1 52.3 56.4 19.0 59.7 78.1 78.4 12.8 15.6 45.1 96.0 72.8 82.0 105.0 24.4 95.0 96.0 66.3 2.8 53.4 86.8 20.1 81.6 27.2 68.7 41.8 8.9 70.9 66.5 62.3 46.0 107.5 68.1 50.2 77.7 83.7 14.1 22.1 36.5 16.1 93.1 0.0 58.5 31.3 4.5 103.2 68.8 59.5 40.0 
106.1 24.4 97.6 53.1 61.7 76.0 63.6 51.3 10.0 66.0 67.7 33.3 23.4 26.7 26.0 72.7 6.3 19.7 53.0 87.7 20.4 24.1 53.1 48.2 60.0 74.4 20.6 24.7 72.7 38.5 46.6 52.0 77.9 60.3 20.9 47.1 57.3 58.9 53.1 76.8 56.0 67.1 66.2 63.8 75.0 13.4 69.0 86.3 74.9 57.7 56.1 60.3 61.6 59.1 42.4 43.3 58.5 0.0 74.7 62.3 76.0 32.1 40.2 68.0 
56.0 98.1 50.2 94.9 58.4 26.0 105.1 24.1 78.9 85.4 49.5 44.0 90.4 48.1 82.1 30.0 69.6 64.0 22.4 30.0 95.1 88.0 43.9 28.8 28.8 83.7 82.0 99.5 97.1 36.8 98.1 96.2 42.9 28.6 77.2 86.0 17.9 72.7 22.1 46.6 28.6 32.6 55.2 51.0 39.4 65.4 102.9 41.2 24.2 68.3 76.9 18.4 13.4 21.5 39.7 97.3 31.3 74.7 0.0 27.9 92.8 71.0 56.3 17.0 
82.9 82.4 76.2 97.7 71.7 50.0 108.8 27.8 69.4 95.0 66.5 41.6 71.8 37.9 78.0 10.8 56.1 59.1 18.9 56.9 82.0 81.6 17.0 17.2 44.3 96.5 75.9 86.0 106.2 26.8 97.5 98.2 64.8 2.0 57.7 88.8 19.0 82.5 26.8 67.5 41.2 7.2 70.7 66.2 60.8 50.0 109.1 66.0 48.0 78.4 84.9 12.2 20.1 35.4 20.0 95.7 4.5 62.3 27.9 0.0 104.0 71.0 60.8 38.1 
76.0 91.8 70.3 30.5 34.4 71.6 30.0 76.6 68.1 10.2 44.7 65.3 98.2 75.4 52.6 113.5 78.4 58.9 85.3 78.4 82.0 59.7 107.4 87.7 64.0 10.2 58.5 84.9 8.9 80.6 42.2 33.3 56.9 102.8 96.3 31.0 86.4 21.6 77.9 52.5 65.1 111.2 38.5 42.2 58.3 83.2 20.6 66.0 72.5 25.6 20.9 93.5 87.7 72.2 93.1 45.7 103.2 76.0 92.8 104.0 0.0 44.2 44.7 76.0 
84.4 51.0 76.2 26.9 33.9 61.2 38.2 48.1 25.3 34.1 43.3 29.5 54.9 35.4 14.4 81.6 34.2 15.2 54.6 72.3 42.2 22.8 69.3 53.9 46.2 42.4 18.4 46.0 41.8 44.4 27.2 27.2 56.4 69.3 52.2 18.4 57.6 27.2 50.0 53.9 44.0 77.7 39.7 38.8 54.6 39.3 40.5 66.2 60.8 26.8 24.1 63.6 60.7 50.2 55.2 26.3 68.8 32.1 71.0 71.0 44.2 0.0 16.5 58.0 
68.8 62.8 60.5 38.6 21.5 44.7 49.2 35.0 36.9 35.0 28.3 20.6 63.6 31.0 30.5 70.9 39.8 20.6 42.8 55.8 55.2 38.5 62.8 43.9 30.0 39.3 33.3 59.4 45.6 36.1 42.2 39.8 40.5 59.4 57.3 29.7 44.9 23.4 36.7 38.4 28.3 67.9 26.1 24.1 38.5 42.4 48.4 50.1 44.4 20.4 24.4 51.6 47.4 34.9 48.4 42.0 59.5 40.2 56.3 60.8 44.7 16.5 0.0 42.2 
46.2 92.3 38.8 80.0 41.6 12.2 89.8 18.4 70.2 69.0 32.6 34.9 86.8 42.8 70.5 43.7 63.8 53.9 23.4 21.6 87.7 77.3 51.0 30.5 12.6 66.8 71.4 92.2 80.6 34.1 84.4 81.6 27.2 38.0 75.0 71.4 20.4 56.4 17.2 30.5 14.0 44.4 38.2 34.1 23.4 61.2 86.9 28.1 10.2 51.9 60.9 26.0 18.0 8.9 42.0 84.1 40.0 68.0 17.0 38.1 76.0 58.0 42.2 0.0 

Routes: 
Route: 0 2 13 14 21 26 16 45 0 | Demand: 98.0| Cost: 275.4
Route: 0 4 25 37 49 43 0 | Demand: 89.0| Cost: 163.9
Route: 0 5 24 38 40 58 63 0 | Demand: 87.0| Cost: 174.8
Route: 0 8 20 1 27 12 34 57 17 32 0 | Demand: 100.0| Cost: 307.5
Route: 0 9 35 61 50 60 62 0 | Demand: 94.0| Cost: 274.0
Route: 0 10 42 39 44 0 | Demand: 90.0| Cost: 101.9
Route: 0 11 7 18 23 51 36 52 53 48 47 0 | Demand: 99.0| Cost: 205.3
Route: 0 19 0 | Demand: 20.0| Cost: 52.2
Route: 0 28 6 3 30 55 31 46 0 | Demand: 100.0| Cost: 257.5
Route: 0 29 33 15 22 54 56 41 59 0 | Demand: 96.0| Cost: 269.3

Total cost: 2081.8
Execution time: 0.004

